    3.454777     3.916075     2.153128     3.524231      1
    3.454777     6.916404     3.610901     6.592507      1
    3.454777     6.631663     2.933079     6.633182      1
    3.454777     4.983679     2.275798     4.901613      1
    3.454777     5.820630     3.559131     6.450152      1
    3.454777     7.381399     3.792574     7.520667      1
    3.454777     5.428652     3.180459     5.424649      1
    3.454777     6.735524     3.902891     7.168130      1
    3.454777     4.447162     2.153019     3.919279      1
    3.454777     6.883775     3.936732     6.527423      1
    2.694438     6.004497     1.332596     4.983951      2
    2.694438     5.263857     1.005748     3.476424      2
    2.694438     4.695281     1.301047     3.742232      2
    2.694438     4.701111     1.123278     5.064370      2
    2.694438     6.071581     2.200285     5.775787      2
    2.694438     5.167594     1.361888     5.175210      2
    2.694438     6.172969     2.069647     6.463413      2
    2.694438     3.588125     0.985805     3.343037      2
    2.694438     6.544615     2.530668     6.879975      2
    2.694438     6.447637     2.492207     7.289856      2
    3.465241     4.193416     2.648269     4.993882      3
    3.465241     7.168381     3.845528     8.219160      3
    3.465241     7.219109     4.158369     8.631042      3
    3.465241     4.775293     3.550168     7.235280      3
    3.465241     4.591758     2.280171     3.687713      3
    3.465241     5.801929     3.738018     8.219557      3
    3.465241     6.365523     3.220564     7.030511      3
    3.465241     5.374815     2.892264     6.293519      3
    3.465241     5.852135     2.724841     5.120438      3
    3.465241     6.752241     3.205566     6.650398      3
    2.914169     3.731705     0.672099     4.395012      4
    2.914169     3.820323     0.057108     3.215453      4
    2.914169     2.361090    -0.247039     3.252490      4
    2.914169     5.364436     1.597155     7.226154      4
    2.914169     2.997737     0.172681     2.970613      4
    2.914169     5.322263     1.410920     5.901989      4
    2.914169     5.382822     1.737976     6.534678      4
    2.914169     5.060680     1.081792     5.207046      4
    2.914169     2.713065    -0.230386     2.834022      4
    2.914169     4.071879     0.541078     4.339568      4
    2.235205     4.218515     1.239391     4.299872      5
    2.235205     4.436710     0.698451     4.161209      5
    2.235205     4.313085     1.302029     6.090587      5
    2.235205     4.661191     0.574794     3.791304      5
    2.235205     4.249792     1.865910     5.438919      5
    2.235205     5.053769     1.434426     4.092002      5
    2.235205     4.527036     2.218009     6.910848      5
    2.235205     4.191598     1.996567     5.477132      5
    2.235205     4.427155     0.885500     3.947940      5
    2.235205     4.920950     1.351099     4.735030      5
    3.621362     5.463545     1.450833     6.219670      6
    3.621362     5.505441     0.313729     3.664053      6
    3.621362     6.813558     1.154508     5.310991      6
    3.621362     6.389077     1.732630     6.520080      6
    3.621362     6.770380     1.347985     5.886894      6
    3.621362     5.874679     1.016990     5.456155      6
    3.621362     5.852524     1.255734     4.596210      6
    3.621362     6.105073     1.177223     4.884376      6
    3.621362     5.221509     0.053654     3.137665      6
    3.621362     8.357337     1.940986     7.417489      6
    3.780774     5.265978     0.678470     4.272156      7
    3.780774     6.216286     1.306307     6.504823      7
    3.780774     5.614530     1.509114     5.710500      7
    3.780774     5.798119     0.782535     4.830161      7
    3.780774     8.057279    -1.139787    -0.698335      7
    3.780774     6.045557     0.769291     4.337183      7
    3.780774     5.282866     1.268817     5.562473      7
    3.780774     4.360324     1.679257     6.648688      7
    3.780774     3.751664     1.436740     6.221611      7
    3.780774     5.280681     1.334237     6.249078      7
    3.175263     5.435743     2.667472     4.575029      8
    3.175263     7.773627     3.995402     7.373507      8
    3.175263     9.117522     3.948595     7.936014      8
    3.175263     6.288108     3.164800     5.733431      8
    3.175263     5.193717     2.842540     4.972705      8
    3.175263     4.301914     2.930918     4.545130      8
    3.175263     8.262359     3.253791     6.202422      8
    3.175263     4.486584     2.796008     4.888459      8
    3.175263     6.262606     3.179183     6.610700      8
    3.175263     7.772064     3.578651     6.878569      8
    1.755198     4.440450     1.085619     4.994801      9
    1.755198     4.060096    -0.027799     3.397403      9
    1.755198     3.789030     0.765053     4.684262      9
    1.755198     4.817272    -0.217242     2.751013      9
    1.755198     4.313537     0.881539     5.450751      9
    1.755198     3.625830    -0.046732     3.520614      9
    1.755198     4.690173     1.299164     4.786998      9
    1.755198     5.118612     1.032999     4.569504      9
    1.755198     4.824515     0.415551     4.689556      9
    1.755198     4.256782     1.428831     5.875213      9
    1.892509     3.979012     2.016027     5.357931     10
    1.892509     6.286977     4.131754     6.214515     10
    1.892509     5.091718     2.164024     4.653113     10
    1.892509     4.814421     1.618826     5.929501     10
    1.892509     5.463992     3.094113     5.811965     10
    1.892509     6.427798     0.778639     4.896207     10
    1.892509     5.328730     3.057521     6.401284     10
    1.892509     5.748286     2.166384     5.366829     10
    1.892509     4.754682     1.861945     5.010337     10
    1.892509     4.852078     1.084670     4.556220     10
    4.034311     4.228725     1.549761     4.860173     11
    4.034311     6.443788     2.657361     7.073431     11
    4.034311     4.833207     1.421733     3.207282     11
    4.034311     4.228804     0.770434     2.795424     11
    4.034311     6.192728     2.687730     7.628875     11
    4.034311     5.296940     1.992021     6.020773     11
    4.034311     2.999793     1.103793     3.232677     11
    4.034311     4.572155     1.600400     4.506670     11
    4.034311     5.819253     1.837308     5.326134     11
    4.034311     7.517032     2.602205     8.429501     11
    2.119864     5.571720     1.934620     5.278315     12
    2.119864     5.427542     1.569115     5.437588     12
    2.119864     6.669402     2.107066     6.892023     12
    2.119864     6.667959     1.583742     6.171737     12
    2.119864     5.966920     1.317071     5.698297     12
    2.119864     6.337316     1.562112     5.834639     12
    2.119864     4.808234     0.573172     3.785410     12
    2.119864     7.615742     2.344738     7.841484     12
    2.119864     1.414007    -0.644131     0.505355     12
    2.119864     7.506873     2.390669     6.811787     12
    2.446962     6.033761     2.261434     5.399551     13
    2.446962     6.470194     2.351584     5.425306     13
    2.446962     6.012301     1.883870     5.475228     13
    2.446962     3.398850     0.350928     3.878566     13
    2.446962     4.268156     1.641319     4.402048     13
    2.446962     7.020438     2.614761     6.636656     13
    2.446962     5.439431     1.995954     4.972408     13
    2.446962     6.783038     1.685515     4.554521     13
    2.446962     8.926499     3.171926     7.515055     13
    2.446962     5.814904     1.690154     5.520034     13
    3.820726     5.059816     3.024930     5.448713     14
    3.820726     5.669775     3.064209     5.697668     14
    3.820726     5.445701     2.714750     5.415206     14
    3.820726     5.484366     3.400258     7.212501     14
    3.820726     7.482229     4.557204     9.677273     14
    3.820726     6.527957     2.865933     6.064372     14
    3.820726     4.274741     1.676502     3.817050     14
    3.820726     4.796331     2.568650     5.063566     14
    3.820726     5.624540     2.321830     5.193917     14
    3.820726     5.452305     2.100924     3.973130     14
    3.758218     3.704913     0.930649     3.466957     15
    3.758218     5.841119     2.085318     5.547809     15
    3.758218     7.177456     2.582487     6.742041     15
    3.758218     9.600446     3.232062     9.131032     15
    3.758218     4.743825     2.029484     5.691630     15
    3.758218     4.529699     1.338234     4.113878     15
    3.758218     6.563116     2.105248     6.310572     15
    3.758218     7.049715     2.622958     7.576281     15
    3.758218     4.982102     2.092958     5.835627     15
    3.758218     4.396395     1.622512     4.128312     15
    2.852129     4.600040     2.351814     4.642442     16
    2.852129     7.563220     3.386012     6.279635     16
    2.852129     8.380370     4.174814     7.919526     16
    2.852129     4.844092     2.647402     4.873506     16
    2.852129     7.951921     3.316450     7.062763     16
    2.852129     5.405659     2.791309     5.774718     16
    2.852129     7.450327     3.559359     7.150954     16
    2.852129     6.975097     3.585454     6.957383     16
    2.852129     4.507816     2.389690     5.323099     16
    2.852129     7.230100     2.998765     6.232382     16
    2.041008     4.365965     0.721730     4.192029     17
    2.041008     5.271657     0.590114     3.502334     17
    2.041008     5.084709    -0.006084     3.343263     17
    2.041008     4.511599     0.197109     2.716345     17
    2.041008     2.146419    -1.310000     1.631686     17
    2.041008     3.805009    -0.376119     2.237846     17
    2.041008     5.023521     1.253329     4.058438     17
    2.041008     4.727345     1.878176     3.880966     17
    2.041008     3.890374     0.954507     3.346104     17
    2.041008     4.803946     1.675517     4.557153     17
    3.086549     4.564296     1.257447     3.983833     18
    3.086549     7.100822     1.986270     5.266222     18
    3.086549     5.025198     1.748825     4.080976     18
    3.086549     3.872427     1.236522     3.617596     18
    3.086549     2.738108     0.830962     2.441553     18
    3.086549     5.389831     1.515551     3.581567     18
    3.086549     5.348923     1.071729     3.475813     18
    3.086549     7.715404     3.311749     7.689213     18
    3.086549     3.613144     1.215533     3.024102     18
    3.086549     3.599347     0.222159     2.568624     18
    3.292737     6.537430     0.180550     5.326794     19
    3.292737     6.976308     1.525372     8.278689     19
    3.292737     3.762340    -0.083996     5.607705     19
    3.292737     5.535691     0.518015     5.309581     19
    3.292737     2.224801    -1.154798     2.014154     19
    3.292737     6.518487     0.782013     6.821974     19
    3.292737     5.161106     0.610437     7.056429     19
    3.292737     7.228170     1.360734     7.703009     19
    3.292737     5.616399     0.818794     7.115895     19
    3.292737     4.698006    -0.028895     5.207696     19
    3.492441     8.406366     3.900643     9.280890     20
    3.492441     5.121850     1.948476     4.349657     20
    3.492441     6.415404     2.228911     5.407860     20
    3.492441     5.556644     2.065132     5.094102     20
    3.492441     3.996673     1.960725     4.316604     20
    3.492441     4.761799     1.946982     4.867375     20
    3.492441     6.203438     2.564089     6.776337     20
    3.492441     4.210268     2.017641     5.031580     20
    3.492441     6.536056     2.755263     6.813846     20
    3.492441     4.612188     2.126624     4.432470     20
    2.237219     4.796444     2.241860     4.126352     21
    2.237219     5.056150     2.386552     4.959786     21
    2.237219     5.439330     2.386942     5.803931     21
    2.237219     4.587510     1.427725     4.312420     21
    2.237219     4.767782     2.029296     4.733148     21
    2.237219     4.805229     1.197984     4.243626     21
    2.237219     4.769855     1.980642     5.662046     21
    2.237219     4.269988     1.232552     3.271507     21
    2.237219     5.153999     1.897878     4.592653     21
    2.237219     4.357368     2.058195     4.810139     21
    4.200651     6.887587     2.018508     8.895582     22
    4.200651     3.870772     1.259673     5.688051     22
    4.200651     2.712335     0.954449     4.653455     22
    4.200651     6.369524     1.973291     8.238181     22
    4.200651     5.048258     1.555535     6.844105     22
    4.200651     4.341795     1.525344     6.590759     22
    4.200651     1.336457     0.734226     4.131936     22
    4.200651     2.507744     0.780892     3.891170     22
    4.200651     7.812420     2.333204     9.909310     22
    4.200651     6.069172     2.052891     8.177664     22
    3.086317     5.308523     0.742403     5.144676     23
    3.086317     4.730111     0.223972     3.684100     23
    3.086317     6.986169     0.960608     5.442204     23
    3.086317     5.913240     1.901688     6.549102     23
    3.086317     6.086274     0.522280     4.671521     23
    3.086317     4.939378     1.037006     5.543704     23
    3.086317     4.973519     0.351474     4.398369     23
    3.086317     7.080788     0.739355     4.962906     23
    3.086317     5.812382     0.817309     5.322830     23
    3.086317     5.223199     1.084265     5.053671     23
    3.675388     2.464174     0.300188     3.652086     24
    3.675388     3.702483     0.709811     3.035554     24
    3.675388     6.198244     2.055938    10.041678     24
    3.675388     3.092725     0.620402     3.253870     24
    3.675388     4.404911     0.864961     4.270295     24
    3.675388     4.781354     1.925347     7.226214     24
    3.675388     3.798083     1.081046     5.093653     24
    3.675388     3.646062     0.022274     2.712211     24
    3.675388     5.665955     2.135038     8.432878     24
    3.675388     4.982124     1.519065     6.739527     24
    2.538343     5.943341     2.560888     7.215250     25
    2.538343     7.042275     2.987791     8.759389     25
    2.538343     4.386742     1.532978     4.557279     25
    2.538343     5.365558     2.365114     6.508806     25
    2.538343     5.192586     1.560214     4.986941     25
    2.538343     4.879659     0.994629     3.593336     25
    2.538343     4.395084    -0.043738     1.784790     25
    2.538343     6.463377     0.995508     4.108481     25
    2.538343     5.109952     1.686111     5.179378     25
    2.538343     5.994087     1.640591     4.511985     25
    2.712755     4.397319     1.222418     4.162818     26
    2.712755     5.246884     0.317206     3.973334     26
    2.712755     4.792883     2.385089     6.467419     26
    2.712755     5.604163     0.600227     3.830081     26
    2.712755     4.519153     1.059849     5.144113     26
    2.712755     5.850843     0.685137     3.323738     26
    2.712755     5.092080    -0.108344     3.299230     26
    2.712755     3.962967     1.663231     5.492312     26
    2.712755     5.802153     1.096650     5.422612     26
    2.712755     5.210200     1.688013     4.386588     26
    3.064232     4.855983     1.743209     4.802826     27
    3.064232     2.019202     0.982686     2.773640     27
    3.064232     4.128229     1.804352     5.110280     27
    3.064232     4.171823     1.667840     4.590749     27
    3.064232     2.816593     1.424566     4.456410     27
    3.064232     3.859846     1.577971     4.883064     27
    3.064232     5.374902     1.861975     5.221266     27
    3.064232     4.989278     1.994469     5.608557     27
    3.064232     2.653191     0.946082     2.913748     27
    3.064232     1.804290     0.192578     2.610606     27
    2.590355     5.726048     2.336274     4.863226     28
    2.590355     7.471295     3.085730     6.101126     28
    2.590355     6.600281     3.193824     5.722090     28
    2.590355     7.097290     2.381192     5.857465     28
    2.590355     7.409855     2.610456     5.936705     28
    2.590355     7.832391     3.538861     7.320845     28
    2.590355     2.816492     0.764219     3.147557     28
    2.590355     6.124722     2.671124     5.481178     28
    2.590355     5.076959     2.507170     4.893137     28
    2.590355     5.338728     2.772622     5.041477     28
    2.946769     3.742593     2.918879     7.778561     29
    2.946769     5.400843     1.148358     2.809695     29
    2.946769     2.320990     3.494050     8.843521     29
    2.946769     4.049525     2.849214     6.283530     29
    2.946769     5.151440     1.715884     4.256654     29
    2.946769     5.590687     1.879641     4.597778     29
    2.946769     4.342070     1.214327     4.613897     29
    2.946769     3.642587     2.063702     5.871574     29
    2.946769     4.039685     1.707484     5.401610     29
    2.946769     2.932612     2.659006     6.910262     29
    3.705819     9.978972     2.502836     7.871044     30
    3.705819     6.832208     1.578988     5.979421     30
    3.705819     7.890104     1.935055     6.759150     30
    3.705819     7.328935     1.493980     6.258047     30
    3.705819     2.638238     0.705457     4.176599     30
    3.705819     6.913681     2.035316     6.211560     30
    3.705819     2.842446     0.775598     4.214820     30
    3.705819     5.460144     1.633303     5.229442     30
    3.705819     2.130259     0.530964     3.574776     30
    3.705819     5.933103     1.304377     5.830283     30
    2.145560     4.798347     0.894126     4.543286     31
    2.145560     4.901822     1.163856     4.446447     31
    2.145560     4.950402     1.640297     4.947779     31
    2.145560     5.481473     1.045221     5.052717     31
    2.145560     5.418304    -0.222169     4.223761     31
    2.145560     4.980015     0.345009     4.972654     31
    2.145560     4.264248     0.967210     4.585834     31
    2.145560     6.443611     1.210958     5.373953     31
    2.145560     5.474291     0.646392     4.044982     31
    2.145560     4.914243     0.371760     3.833423     31
    2.271558     6.097288     2.076377     5.250482     32
    2.271558     5.787642     2.133616     4.503504     32
    2.271558     5.006657     1.815439     4.808599     32
    2.271558     5.770925     1.692620     4.776347     32
    2.271558     6.733420     2.666406     5.990720     32
    2.271558     5.096916     1.725774     5.155506     32
    2.271558     5.788125     1.933441     5.127982     32
    2.271558     2.291717    -0.113805     2.934809     32
    2.271558     3.805914     0.997657     4.257073     32
    2.271558     4.175118     0.856551     3.382093     32
    4.177836     8.260661     4.369642    10.099300     33
    4.177836     6.804210     3.880356     8.388435     33
    4.177836     4.509559     2.773958     5.648032     33
    4.177836     4.228998     1.983281     2.972835     33
    4.177836     7.676748     3.865561     8.794602     33
    4.177836     5.437346     2.648896     4.680725     33
    4.177836     8.366253     3.794100     8.762934     33
    4.177836     8.699831     4.530079    10.549165     33
    4.177836     7.983740     3.586999     8.350369     33
    4.177836     8.023393     4.134118     9.617204     33
    2.174685     8.635188     0.350014     4.539820     34
    2.174685     6.719362    -0.487510     5.119152     34
    2.174685     8.039128     0.097673     5.861673     34
    2.174685     6.798698    -0.459033     5.028040     34
    2.174685     6.859762    -0.104446     6.207273     34
    2.174685     7.141462    -0.623955     4.799497     34
    2.174685     7.345786     0.306140     5.554353     34
    2.174685     6.525083    -0.657947     4.937110     34
    2.174685     6.371622    -1.635731     4.777666     34
    2.174685     7.944117     0.889916     4.926905     34
    1.584940     7.706237     2.389164     6.898845     35
    1.584940     5.814791     0.657264     4.666485     35
    1.584940     6.472330     2.045857     6.840311     35
    1.584940     5.872833     1.690210     5.529969     35
    1.584940     7.329110     2.208134     7.541666     35
    1.584940     7.398874     2.069456     6.715943     35
    1.584940     8.098808     2.986978     8.203853     35
    1.584940     5.939734     2.031105     7.400514     35
    1.584940     7.467312     2.043604     7.942131     35
    1.584940     6.332331     0.720822     4.874428     35
    3.928287     4.678218     2.092031     4.694330     36
    3.928287     5.458140     1.997685     4.009571     36
    3.928287     6.097292     2.496933     6.029917     36
    3.928287     5.972672     2.842504     7.389400     36
    3.928287     6.176514     3.417445     8.386992     36
    3.928287     5.485632     2.975312     7.182082     36
    3.928287     5.717941     2.938545     7.379510     36
    3.928287     6.202079     3.207600     7.563274     36
    3.928287     5.705343     2.826503     6.995557     36
    3.928287     5.415647     1.684799     3.926643     36
    2.880674     7.442044     1.193719     4.982342     37
    2.880674     6.902571     2.149949     6.697675     37
    2.880674     7.107218     1.571449     5.674861     37
    2.880674     7.431198     2.077081     6.095941     37
    2.880674     6.085031     0.988727     4.402105     37
    2.880674     7.085712     1.436104     5.328577     37
    2.880674     7.126025     1.304073     4.623691     37
    2.880674     6.389913     1.206847     4.526856     37
    2.880674     7.208082     1.420191     4.613903     37
    2.880674     7.268768     2.006396     5.802341     37
    3.470410     6.589411     2.364552     6.590966     38
    3.470410     5.741649     2.715712     7.532430     38
    3.470410     6.194323     2.785297     8.087143     38
    3.470410     7.345714     2.685592     7.450169     38
    3.470410     6.771306     2.063152     5.575834     38
    3.470410     5.964478     2.711029     7.070910     38
    3.470410     5.257715     2.390465     6.245988     38
    3.470410     5.556921     1.948413     5.423364     38
    3.470410     6.482129     0.589190     1.638413     38
    3.470410     6.132854     3.103630     8.374358     38
    4.208424     2.908115     4.073831     5.330932     39
    4.208424     7.983292     5.242843     8.514305     39
    4.208424     9.075605     5.441185     8.865619     39
    4.208424    -1.564574     3.289864     3.050665     39
    4.208424     8.530220     5.250714     8.351002     39
    4.208424    11.301544     5.854723    10.396195     39
    4.208424    10.722149     5.611666    10.187004     39
    4.208424    10.318145     5.573464     9.538800     39
    4.208424     9.057464     5.337002     8.626745     39
    4.208424     4.416678     4.318968     6.087159     39
    2.489350     6.557221     3.015112     7.307618     40
    2.489350     6.991679     2.580826     6.836687     40
    2.489350     6.707189     3.332570     5.918121     40
    2.489350     4.305327     2.487893     4.947590     40
    2.489350     5.831589     2.156586     5.652179     40
    2.489350     6.056449     2.911290     6.290518     40
    2.489350     5.631443     2.342941     6.590732     40
    2.489350    10.002468     3.635025     8.488073     40
    2.489350     2.795628     1.701208     4.076848     40
    2.489350     4.047444     2.146162     5.663301     40
    3.093675     6.108247     1.616148     6.568566     41
    3.093675     8.557453     3.025901    10.359161     41
    3.093675     6.047205     1.614772     5.614798     41
    3.093675     3.941766     0.857833     5.295974     41
    3.093675     3.889257     0.352366     3.391508     41
    3.093675     4.920070     0.803344     4.479646     41
    3.093675     5.244814     1.519887     5.094289     41
    3.093675     7.821424     1.678058     7.419459     41
    3.093675     6.384731     2.359212     7.005573     41
    3.093675     6.834904     2.003839     7.577138     41
    3.155014     5.351996     2.503659     5.043881     42
    3.155014     4.724009     2.604702     4.720043     42
    3.155014     6.329086     2.152168     4.509510     42
    3.155014     6.009520     2.892255     6.076206     42
    3.155014     6.391101     1.885204     3.234342     42
    3.155014     4.891286     2.573630     4.024202     42
    3.155014     4.710897     1.948795     4.794559     42
    3.155014     5.330124     1.565600     3.128757     42
    3.155014     4.249068     1.980485     4.282793     42
    3.155014     5.875798     2.515389     4.588724     42
    2.200482     1.655242     1.035236     3.513500     43
    2.200482     6.557966     2.160645     6.069746     43
    2.200482     8.624634     2.498726     6.486817     43
    2.200482     7.939710     2.228216     6.129602     43
    2.200482     4.824619     1.342950     4.926026     43
    2.200482     6.886932     2.727145     6.543711     43
    2.200482     9.878498     2.810691     7.730553     43
    2.200482     3.695480     0.965721     4.317821     43
    2.200482     3.153948     1.486614     4.509320     43
    2.200482     4.373987     1.360219     4.780094     43
    2.866321     3.360527    -0.679223     2.460481     44
    2.866321     4.629845     0.732868     5.902889     44
    2.866321     5.597001     0.318050     4.763319     44
    2.866321     4.890160     0.478503     5.377866     44
    2.866321     4.577934    -0.259896     4.481341     44
    2.866321     5.229331     1.003855     6.312312     44
    2.866321     3.680595    -0.082924     3.626293     44
    2.866321     5.048790     0.969002     5.835846     44
    2.866321     5.938063     0.948780     5.953680     44
    2.866321     5.039722     0.705769     6.052009     44
    3.210501     6.597002     3.334784     6.124695     45
    3.210501     6.599037     2.805382     6.240891     45
    3.210501     7.119307     2.688460     5.625034     45
    3.210501     6.475508     1.324490     3.389422     45
    3.210501     6.527649     2.534967     6.223477     45
    3.210501     5.743112     1.594973     4.382785     45
    3.210501     6.737178     2.494281     4.985979     45
    3.210501     5.496920     2.870624     6.662287     45
    3.210501     6.080128     1.578358     3.228051     45
    3.210501     5.327237     1.105117     2.932868     45
    3.081300     6.190118     2.120232     5.723266     46
    3.081300     5.132524     2.802736     4.724282     46
    3.081300     5.363178     2.265937     4.740194     46
    3.081300     5.721222     2.371323     5.147232     46
    3.081300     6.873413     3.093647     6.415082     46
    3.081300     7.405353     2.995676     6.801138     46
    3.081300     6.683402     2.162862     5.456955     46
    3.081300     5.587565     1.711962     5.185285     46
    3.081300     4.563362     2.013811     4.705944     46
    3.081300     7.161307     3.007983     6.082541     46
    2.689227     5.560670     0.942804     3.190235     47
    2.689227     5.179197    -0.106485     2.827346     47
    2.689227     5.271407     0.739808     4.489787     47
    2.689227     6.764545     1.713575     4.382911     47
    2.689227     6.025182     1.423348     4.474727     47
    2.689227     5.657132     1.536272     5.721236     47
    2.689227     5.612673     1.384870     5.707370     47
    2.689227     4.365669     0.146739     3.229779     47
    2.689227     4.278108     0.546993     4.304774     47
    2.689227     4.128613     0.101514     4.392068     47
    3.199007     5.854032     2.916092     7.064522     48
    3.199007     4.603880     0.498249     2.216087     48
    3.199007     5.312648     1.649242     4.630134     48
    3.199007     7.140968     2.772088     7.201866     48
    3.199007     4.977968     1.158994     3.379519     48
    3.199007     4.892858     1.780119     4.447727     48
    3.199007     4.937078     0.716294     2.489936     48
    3.199007     6.435837     2.424191     6.425785     48
    3.199007     5.169290     2.264055     5.161467     48
    3.199007     5.404452     2.859699     7.207657     48
    4.463065     8.375668     3.059603     9.900404     49
    4.463065     7.243734     2.088147     7.176157     49
    4.463065     7.090361     1.915205     6.206451     49
    4.463065     6.946332     1.268264     4.632153     49
    4.463065     7.595037     2.746478     8.608308     49
    4.463065     8.793626     2.793489     9.393656     49
    4.463065     7.719542     2.854161     9.832585     49
    4.463065     7.751383     2.445056     7.289919     49
    4.463065     7.142987     1.808188     5.965904     49
    4.463065     7.838339     2.548041     7.611321     49
    2.441670     7.019220     3.650554     7.980462     50
    2.441670     6.861963     3.249173     7.368403     50
    2.441670     6.610815     3.897452     7.651603     50
    2.441670     5.825770     2.961225     7.046146     50
    2.441670     3.284083     2.090212     3.149608     50
    2.441670     5.060936     2.604897     4.920508     50
    2.441670     2.707327     1.278704     2.758819     50
    2.441670     5.185912     3.598963     7.170526     50
    2.441670     5.101269     2.507253     5.167500     50
    2.441670     5.410782     2.355152     5.165024     50
    3.441718     6.571826     1.662627     3.755773     51
    3.441718     5.960253     1.984227     4.515819     51
    3.441718     6.033286     2.851630     6.557287     51
    3.441718     5.567544     2.768303     7.068856     51
    3.441718     6.627370     1.522980     3.984960     51
    3.441718     6.188158     0.846998     2.165422     51
    3.441718     5.076247     2.284277     5.761288     51
    3.441718     6.794774     0.941262     3.132362     51
    3.441718     6.181549     3.318589     7.067915     51
    3.441718     5.455145     2.411232     5.258384     51
    3.398107     2.987922    -0.184852     2.094655     52
    3.398107     3.026035    -0.403010     0.708062     52
    3.398107     4.614045     0.486256     4.491308     52
    3.398107     7.507659     0.891462     5.334155     52
    3.398107     9.881907     1.422223     6.767723     52
    3.398107     6.506692     0.818330     4.690761     52
    3.398107     7.459246     1.228903     4.757609     52
    3.398107     8.225643     0.998662     5.964865     52
    3.398107    14.739741     3.649287    11.167984     52
    3.398107     5.505017     0.560253     3.990152     52
    2.867993     7.124505     3.028542     8.338436     53
    2.867993     6.890485     2.761590     7.357431     53
    2.867993     5.506945     1.651787     3.906467     53
    2.867993     7.131808     3.152147     8.569187     53
    2.867993     7.165046     3.184744     7.721076     53
    2.867993     6.237054     2.409665     6.209408     53
    2.867993     6.323549     2.528196     6.356238     53
    2.867993     5.368635     2.015628     4.517780     53
    2.867993     6.630411     3.099637     8.237309     53
    2.867993     6.886875     1.708925     4.821618     53
    2.774251     4.180002     0.599110     3.602198     54
    2.774251     4.244460     1.152133     5.416854     54
    2.774251     4.770481     1.026297     4.177898     54
    2.774251     3.012772     0.686695     4.249011     54
    2.774251     4.595059     1.327571     4.956144     54
    2.774251     5.006342     2.256834     6.495401     54
    2.774251     4.365940     0.256878     4.513121     54
    2.774251     4.054317     0.787500     4.417108     54
    2.774251     3.202666     0.686175     4.362484     54
    2.774251     5.310553     1.250046     4.244426     54
    4.160328     5.894154     1.774526     3.615733     55
    4.160328     7.328565     3.450615     7.499359     55
    4.160328     6.801504     2.960612     6.231322     55
    4.160328     6.925591     3.164140     7.205279     55
    4.160328     7.414903     2.869818     6.391730     55
    4.160328     6.154941     2.323900     5.745759     55
    4.160328     7.347411     3.658137     7.417773     55
    4.160328     7.274676     3.279418     6.116349     55
    4.160328     6.977479     3.313588     6.561257     55
    4.160328     8.898523     4.537269    10.505306     55
    4.364442     6.816330     3.040513     9.099337     56
    4.364442     5.929390     2.088358     5.310145     56
    4.364442     6.119789     2.913724     7.885970     56
    4.364442     6.719220     2.612772     7.663814     56
    4.364442     6.255339     2.291805     6.316997     56
    4.364442     8.038827     3.128484     9.502493     56
    4.364442     8.340498     5.110034    15.701012     56
    4.364442     8.519688     3.093880     8.260302     56
    4.364442     4.468772     1.378886     3.742857     56
    4.364442     6.833773     2.267959     6.587428     56
    1.045234     5.019821     1.734878     3.951145     57
    1.045234     6.414605     2.133766     4.401157     57
    1.045234     5.645514     2.386578     4.774718     57
    1.045234     4.376106     0.976556     3.245283     57
    1.045234     6.072779     2.435463     5.327987     57
    1.045234     6.152664     2.249071     4.995305     57
    1.045234     5.817592     1.850000     4.797220     57
    1.045234     3.073329     1.158560     2.544459     57
    1.045234     5.179791     1.544963     4.378935     57
    1.045234     6.396191     1.916628     4.033094     57
    2.333940     8.417587     4.395878     6.582748     58
    2.333940     6.680348     3.350638     5.126769     58
    2.333940     8.062804     3.834492     6.268777     58
    2.333940     7.278549     3.740934     6.460725     58
    2.333940     7.268475     4.319841     7.925059     58
    2.333940     6.967033     3.556864     6.431123     58
    2.333940     7.671030     3.836104     5.003953     58
    2.333940     7.995231     3.366688     5.783034     58
    2.333940     6.152882     3.816863     5.994234     58
    2.333940     7.356040     3.671439     5.643004     58
    2.718161     3.779043     1.304454     3.767639     59
    2.718161     2.814568     0.617365     2.562824     59
    2.718161     4.099980     1.705600     4.320264     59
    2.718161     5.226298     1.982382     5.805066     59
    2.718161     3.787669     1.091294     3.004663     59
    2.718161     7.013011     2.970399     7.626305     59
    2.718161     4.832551     1.877144     5.498814     59
    2.718161     3.918570     1.290205     4.066751     59
    2.718161     4.427827     1.897844     4.431802     59
    2.718161     3.538620     1.005614     2.523953     59
    3.236293     6.542019     3.626595     7.142681     60
    3.236293     7.669562     4.104745     8.139439     60
    3.236293     6.033050     3.568600     6.950850     60
    3.236293     6.344198     3.555173     6.226038     60
    3.236293     6.659339     2.716635     5.239786     60
    3.236293     7.356559     3.873036     7.957616     60
    3.236293     6.517451     3.766627     7.097118     60
    3.236293     7.824323     3.896923     8.024916     60
    3.236293     6.288890     2.814716     5.428694     60
    3.236293     6.359753     3.724601     7.500234     60
    3.312870     6.079369     3.003892     5.866378     61
    3.312870     6.172777     2.563955     7.724159     61
    3.312870     6.236168     2.101993     5.404425     61
    3.312870     5.210732     1.949609     4.272002     61
    3.312870     5.956728     2.368547     5.153182     61
    3.312870     6.080551     2.409800     5.602173     61
    3.312870     6.888076     3.402289     7.429322     61
    3.312870     6.861785     3.634813     8.124397     61
    3.312870     5.599999     2.132089     4.825179     61
    3.312870     6.121868     2.779110     5.720042     61
    2.480890     5.305591     1.772357     4.916239     62
    2.480890     5.883633     1.733798     5.177283     62
    2.480890     5.913301     1.402191     5.141655     62
    2.480890     5.649840     0.998880     3.818570     62
    2.480890     5.867919     1.856323     5.690118     62
    2.480890     4.678961     1.810629     4.405747     62
    2.480890     4.473393     2.151093     5.985233     62
    2.480890     6.093538     2.994506     6.454575     62
    2.480890     5.552390     1.830147     6.371675     62
    2.480890     5.967318     2.420347     6.042745     62
    3.754704     5.569948     2.739505     3.806164     63
    3.754704     8.202353     3.394622     6.025386     63
    3.754704     5.762742     3.138740     4.965902     63
    3.754704     5.832269     2.324341     4.476154     63
    3.754704     7.689763     3.698095     6.582182     63
    3.754704     8.556436     3.912315     7.108351     63
    3.754704     6.779680     3.210074     5.682751     63
    3.754704     6.631975     3.440206     5.342104     63
    3.754704     6.071373     2.502793     4.336525     63
    3.754704     7.172929     3.587053     4.749630     63
    3.385385     7.811354     2.826023     8.895332     64
    3.385385     7.541794     2.290887     8.562268     64
    3.385385     5.148071     1.421174     5.226622     64
    3.385385     7.585736     2.912098     9.261567     64
    3.385385     7.921785     2.314831     8.599493     64
    3.385385     7.140162     2.151535     7.429269     64
    3.385385     6.333290     1.758486     5.653371     64
    3.385385     4.102266     0.726290     4.126874     64
    3.385385     6.994228     1.932457     7.781096     64
    3.385385     4.471545     1.305516     5.120262     64
    3.295569     6.864844     1.517345     4.264661     65
    3.295569     6.797181     2.511097     5.585418     65
    3.295569     6.814474     3.090853     6.048992     65
    3.295569     6.955305     2.543489     5.381722     65
    3.295569     5.857794     2.164880     5.222908     65
    3.295569     6.070930     2.060737     6.593492     65
    3.295569     6.797088     3.052513     6.302151     65
    3.295569     7.745886     2.578347     6.110104     65
    3.295569     6.253453     2.529501     4.575327     65
    3.295569     6.558230     0.838372     4.366679     65
    3.572789     6.810418     3.029780     6.970798     66
    3.572789     2.272108     1.331331     2.086502     66
    3.572789     4.476452     2.295891     5.203518     66
    3.572789     4.166936     2.254672     4.742232     66
    3.572789     5.958854     1.480326     4.088090     66
    3.572789     4.111499     1.345911     2.920221     66
    3.572789     4.843983     2.223167     4.682704     66
    3.572789     5.693790     2.305805     5.182136     66
    3.572789     3.190819     1.799950     4.046406     66
    3.572789     7.204595     3.470541     7.964543     66
    3.604122     5.635681     0.041301     1.990301     67
    3.604122     4.629675     0.357037     4.593580     67
    3.604122     6.481448     1.677751     7.672375     67
    3.604122     5.085449     0.433086     3.822177     67
    3.604122     5.671790     0.228837     4.086396     67
    3.604122     6.745625     2.180605     9.197976     67
    3.604122     5.882763     0.987219     5.819204     67
    3.604122     5.863145     1.322131     7.304605     67
    3.604122     5.987090     0.662886     4.733133     67
    3.604122     5.690173     1.504878     6.376503     67
    2.836771     3.699671     2.047835     4.964393     68
    2.836771     6.772704     2.887096     6.939002     68
    2.836771     5.007887     2.664096     5.985616     68
    2.836771     3.318384     1.964663     4.348546     68
    2.836771     3.506733     2.034766     4.277508     68
    2.836771     8.155697     3.282052     8.149688     68
    2.836771     3.804232     2.133767     4.257816     68
    2.836771     2.274347     1.886979     4.216200     68
    2.836771     3.415112     1.650104     4.933928     68
    2.836771     6.655075     3.217726     7.714925     68
    3.883594     4.367101     1.179811     4.767485     69
    3.883594     4.405232     1.454305     4.492598     69
    3.883594     2.970668     1.309506     4.204903     69
    3.883594     6.612905     1.935929     5.630636     69
    3.883594     1.896371     0.741106     2.956861     69
    3.883594     0.038507     0.238956     2.104567     69
    3.883594     8.817704     2.343837     6.984666     69
    3.883594     5.529229     1.686517     4.954627     69
    3.883594     9.642071     2.975806     7.557069     69
    3.883594    17.379343     3.936324    10.830837     69
    3.544228     5.354711     1.069558     4.255909     70
    3.544228     4.872689     0.831515     2.928629     70
    3.544228     4.507353     1.318127     4.690690     70
    3.544228     3.803866     1.586594     4.582303     70
    3.544228     4.358530     1.767812     4.347040     70
    3.544228     4.081716     1.040657     3.737531     70
    3.544228     4.147627    -0.459445     1.138296     70
    3.544228     6.097170     1.387029     5.307382     70
    3.544228     5.987983     2.214669     6.395064     70
    3.544228     6.305871     2.293898     7.306748     70
    2.675796     4.703353     0.916398     2.984878     71
    2.675796     4.285156     1.704949     4.733904     71
    2.675796     5.598931     1.185804     4.272925     71
    2.675796     4.585888     1.302285     3.258488     71
    2.675796     5.610520     2.266265     7.557897     71
    2.675796     4.973347     0.831065     2.982632     71
    2.675796     4.771018     1.926066     5.668339     71
    2.675796     5.369306     1.583602     4.526891     71
    2.675796     6.556954     2.898425     7.543045     71
    2.675796     3.966096     0.688064     2.848712     71
    1.808244     3.204981    -0.334292     3.669848     72
    1.808244     3.897020    -0.038692     3.497549     72
    1.808244     6.070759     0.889866     5.079772     72
    1.808244     3.050731    -0.029737     3.141273     72
    1.808244     7.234045     1.394118     6.007920     72
    1.808244     4.965448     1.421451     5.401863     72
    1.808244     3.790964    -0.296990     3.694941     72
    1.808244     3.910724    -0.507665     3.496700     72
    1.808244     6.180981     1.437632     4.918659     72
    1.808244     4.851156     0.294381     3.651827     72
    4.412447     5.796672     2.321283     6.745521     73
    4.412447     2.092473     0.916745     3.746375     73
    4.412447     3.669679     1.122511     4.173825     73
    4.412447     4.235693     1.522252     5.562846     73
    4.412447     3.832091     1.570707     4.905823     73
    4.412447     2.330592     1.075495     2.872157     73
    4.412447     2.881781     1.334341     4.714302     73
    4.412447     3.739811     1.437765     5.131783     73
    4.412447     4.906567     1.637500     5.304978     73
    4.412447     5.746649     2.070349     5.662974     73
    2.747299     4.231975     2.737443     7.286262     74
    2.747299     5.586754     2.293399     5.183399     74
    2.747299     6.634693     1.784832     4.216673     74
    2.747299     4.877140     3.343655     6.624513     74
    2.747299     7.558165     0.798767     2.240206     74
    2.747299     5.481015     2.170486     5.246570     74
    2.747299     7.417835     0.711121     2.772084     74
    2.747299     3.857407     3.282198     7.171944     74
    2.747299     5.181161     1.657618     4.865127     74
    2.747299     7.299786     0.602065     1.786345     74
    2.877882     6.037759     1.677841     5.857085     75
    2.877882     7.185574     2.143150     7.033690     75
    2.877882     6.650418     2.097159     6.808720     75
    2.877882     6.398534     2.269409     6.608090     75
    2.877882     1.846194     0.637288     3.359154     75
    2.877882     6.144389     1.752513     6.104714     75
    2.877882    -0.960117    -0.165954     1.863232     75
    2.877882     2.778221     0.797096     3.554459     75
    2.877882     3.196803     1.111032     4.238352     75
    2.877882     6.853333     1.362950     6.343888     75
    2.878279     5.068261     0.389063     4.831778     76
    2.878279     6.544242     1.312677     7.534425     76
    2.878279     6.276802     0.961152     6.773359     76
    2.878279     6.528460     0.757339     6.618168     76
    2.878279     3.961602    -0.037893     4.803097     76
    2.878279     8.131335     1.736229     7.760650     76
    2.878279     4.001765     0.038773     3.447849     76
    2.878279     5.494223     0.221720     5.767551     76
    2.878279     8.064455     2.350503     9.159692     76
    2.878279     7.142132     0.807210     6.621820     76
    2.398394     4.350742     0.894729     3.506980     77
    2.398394     4.757868     1.575555     3.872426     77
    2.398394     2.501618    -0.010377     3.298080     77
    2.398394     2.652033     0.762578     3.408276     77
    2.398394     3.154216     0.683140     3.232624     77
    2.398394     1.812405     0.049626     2.612558     77
    2.398394     4.353115     1.637336     3.736939     77
    2.398394     4.019453     0.537908     4.030578     77
    2.398394     5.035558     0.481429     3.960527     77
    2.398394     4.795364     0.812015     4.254666     77
    3.975158     7.510230     2.103867     7.026404     78
    3.975158     6.204720     2.363437     7.223795     78
    3.975158     6.004246     1.040762     4.824790     78
    3.975158     6.813684     1.692173     7.157545     78
    3.975158     6.436961     1.687535     5.702266     78
    3.975158     6.908449     2.081712     6.818457     78
    3.975158     5.956635     1.824626     6.541406     78
    3.975158     6.668877     2.462210     7.356695     78
    3.975158     5.116714     1.334660     6.047797     78
    3.975158     6.112653     1.835152     6.383022     78
    2.856649     6.104254     3.996746     5.237455     79
    2.856649     6.925937     3.480344     4.410415     79
    2.856649     5.695790     4.331099     7.174079     79
    2.856649     7.715707     3.431370     4.197125     79
    2.856649     6.600711     5.145742     6.862892     79
    2.856649     6.145646     3.744637     5.863125     79
    2.856649     7.399796     4.995471     6.520883     79
    2.856649     6.068091     2.303340     4.060443     79
    2.856649     6.636041     2.770045     3.915280     79
    2.856649     6.287627     3.255080     4.593563     79
    3.312997     4.941818    -0.144737     4.195143     80
    3.312997     3.447955    -0.471890     3.585188     80
    3.312997     5.564064     0.867635     6.364153     80
    3.312997     4.837868     0.549255     6.539888     80
    3.312997     6.041134     0.428172     6.415869     80
    3.312997     5.353132    -0.064029     4.360667     80
    3.312997     5.269880     0.604944     7.096822     80
    3.312997     4.983577     0.476225     5.812940     80
    3.312997     6.779787     1.659015     8.196980     80
    3.312997     3.465963    -0.636498     3.703591     80
    3.495182     6.314263     3.828530     5.456583     81
    3.495182     7.085907     4.970060     8.313350     81
    3.495182     7.246090     4.325990     6.421372     81
    3.495182     5.619806     3.036809     3.316523     81
    3.495182     8.571298     4.884527     7.615859     81
    3.495182     4.677267     3.186719     4.102286     81
    3.495182     7.704559     4.391072     6.493785     81
    3.495182     6.624251     4.289152     6.111855     81
    3.495182     9.088327     6.355861    10.171639     81
    3.495182     5.964940     3.720092     5.892099     81
    2.592735     5.070434     1.960911     4.725116     82
    2.592735     6.225782     1.653288     4.808263     82
    2.592735     6.032156     1.892876     5.032363     82
    2.592735     5.001790     2.054173     3.955235     82
    2.592735     5.306327     1.129976     4.353970     82
    2.592735     5.874320     1.371867     4.368586     82
    2.592735     5.330665     1.444877     5.090434     82
    2.592735     4.865208     0.761535     4.433573     82
    2.592735     5.963824     2.379463     4.819558     82
    2.592735     6.052675     2.496073     5.222253     82
    2.870200     5.828010     1.116149     4.698079     83
    2.870200     2.194170    -0.135510     3.599642     83
    2.870200     5.820650     1.140735     5.303454     83
    2.870200     3.530581     0.484889     3.936645     83
    2.870200     4.328798     0.408305     3.625449     83
    2.870200     5.228241     0.830159     4.297391     83
    2.870200     3.111395     0.562958     3.690511     83
    2.870200     5.382210     1.514655     4.918583     83
    2.870200     3.107540     0.824611     3.194520     83
    2.870200     3.754234     0.930739     3.570214     83
    2.753822     5.865374     3.660484     9.122720     84
    2.753822     6.259576     3.641345     8.013873     84
    2.753822     5.599805     2.076533     5.638773     84
    2.753822     5.982643     2.064724     4.763810     84
    2.753822     5.484586     2.426074     7.664253     84
    2.753822     6.096455     1.973743     5.089165     84
    2.753822     5.576771     2.699463     7.444399     84
    2.753822     5.329426     3.615657     8.349743     84
    2.753822     5.920313     2.406607     6.459404     84
    2.753822     6.150185     2.539713     7.664272     84
    3.075969     6.072195     1.901387     5.654272     85
    3.075969     4.981373     1.126060     1.821585     85
    3.075969     6.216190     2.193995     5.587384     85
    3.075969     6.557346     1.999454     5.360469     85
    3.075969     6.982749     2.817760     6.753277     85
    3.075969     6.343835     2.510589     6.875819     85
    3.075969     6.302955     3.133180     7.347433     85
    3.075969     6.906053     1.970956     5.770316     85
    3.075969     6.203028     2.132632     5.689836     85
    3.075969     5.864734     1.490666     3.469004     85
    2.871134     6.882835     3.981755     7.312797     86
    2.871134     6.808331     3.820753     6.812269     86
    2.871134     5.190308     3.293009     5.513193     86
    2.871134     6.375699     3.715168     6.799455     86
    2.871134     6.692268     3.485543     7.181069     86
    2.871134     7.003386     4.174646     7.480757     86
    2.871134     7.293575     4.047436     7.679853     86
    2.871134     5.900625     3.807348     6.918862     86
    2.871134     1.884396     2.352137     2.687046     86
    2.871134     5.369875     3.566332     6.044014     86
    2.133572     4.650182     1.425334     4.445250     87
    2.133572     4.375434     1.201748     4.401041     87
    2.133572     5.720384     2.011595     5.491814     87
    2.133572     3.316805     1.117825     3.645581     87
    2.133572     9.384393     3.369226     9.807014     87
    2.133572     2.573916     0.991342     3.452809     87
    2.133572     5.882153     2.313512     6.310951     87
    2.133572     5.862410     1.754146     5.349886     87
    2.133572     5.039545     2.655504     6.866222     87
    2.133572     2.904755     1.116635     3.355184     87
    3.372169     5.714947     2.172985     5.829349     88
    3.372169     6.762830     1.548949     4.837671     88
    3.372169     5.531003     3.773787     9.244740     88
    3.372169     6.366102     0.952295     3.020893     88
    3.372169     5.515640     2.829178     7.130624     88
    3.372169     6.006386     2.121547     6.439950     88
    3.372169     5.644227     1.534629     5.214296     88
    3.372169     5.186703     2.075390     5.840327     88
    3.372169     7.653008     0.739905     3.109632     88
    3.372169     5.646013     1.802352     4.959905     88
    3.848584     4.720961     1.823954     3.280887     89
    3.848584     3.025453     2.304902     4.861415     89
    3.848584     5.380897     2.560490     5.773293     89
    3.848584     4.255022     1.979728     4.267548     89
    3.848584     4.764253     2.399363     4.530558     89
    3.848584     3.414012     1.437581     2.413068     89
    3.848584     4.289505     1.215729     2.677497     89
    3.848584     4.766118     1.976542     3.410303     89
    3.848584     4.129758     3.070153     6.941464     89
    3.848584     4.148197     1.442566     1.905263     89
    3.234016     5.341545     0.958933     4.692192     90
    3.234016     5.579795     1.284341     4.637304     90
    3.234016     5.611304     0.425627     3.934775     90
    3.234016     4.427554     0.953507     3.763481     90
    3.234016     7.273667     1.706112     5.559195     90
    3.234016     5.542919     0.779715     3.802413     90
    3.234016     4.690924     0.610022     3.210477     90
    3.234016     8.711165     2.372492     6.920002     90
    3.234016     5.215970     1.334022     4.065459     90
    3.234016     2.456132    -0.554667     2.095850     90
    2.850135     6.443450     3.849013     9.766050     91
    2.850135     5.871800     3.621986     9.796885     91
    2.850135     4.595686     3.382930     8.247286     91
    2.850135     5.050454     2.939204     7.938608     91
    2.850135     6.134445     1.919572     4.971298     91
    2.850135     4.354259     3.483486     8.695310     91
    2.850135     4.589595     2.034498     4.581500     91
    2.850135     4.628870     1.993847     4.346271     91
    2.850135     5.671455     2.217841     4.266989     91
    2.850135     4.833073     3.013866     7.070259     91
    2.074107     9.604308     3.529641     8.580533     92
    2.074107     6.873025     3.321902     7.910156     92
    2.074107     7.050056     3.132953     7.319349     92
    2.074107    11.958739     4.136972    11.467074     92
    2.074107    10.231534     3.641168     8.777119     92
    2.074107     4.348239     2.556537     5.727397     92
    2.074107     8.271331     3.230116     7.793088     92
    2.074107     9.469097     3.871719     9.706273     92
    2.074107     5.492216     2.857988     6.351157     92
    2.074107     9.867965     3.485682     8.930059     92
    3.351048     4.716443     2.136389     4.526984     93
    3.351048     5.462521     2.709224     5.844423     93
    3.351048     6.317157     4.282672     9.807995     93
    3.351048     5.719737     3.116886     7.353609     93
    3.351048     4.870349     1.970551     4.381159     93
    3.351048     4.925637     2.327074     4.197716     93
    3.351048     5.738038     3.150531     7.112514     93
    3.351048     6.275398     2.448092     5.361495     93
    3.351048     5.039531     2.683890     5.972602     93
    3.351048     8.175733     3.562852     8.765474     93
    2.187054     4.233566     1.223091     3.725141     94
    2.187054     3.717818     0.664313     3.576375     94
    2.187054     7.815012     2.095382     7.135432     94
    2.187054     2.545244     0.654970     3.044554     94
    2.187054     6.761242     2.198157     5.763614     94
    2.187054     5.648733     1.228062     5.130576     94
    2.187054     6.278871     1.731388     5.871776     94
    2.187054     4.730203     1.227355     4.783067     94
    2.187054     5.510248     1.311458     5.098897     94
    2.187054     3.044583     0.870920     3.272441     94
    2.050115     6.449210     2.674702     6.144424     95
    2.050115     6.804285     2.721297     6.080822     95
    2.050115     5.885151     1.694374     5.876236     95
    2.050115     6.666932     2.931266     7.384785     95
    2.050115     4.337141     1.032034     3.364846     95
    2.050115     4.916857     1.893448     5.334825     95
    2.050115     8.353118     3.055144     7.520395     95
    2.050115     5.834720     2.258947     4.922928     95
    2.050115     6.020456     2.262281     5.175897     95
    2.050115     5.967524     1.915832     5.352149     95
    2.923600     8.318526     2.134033     7.443580     96
    2.923600     5.307066     1.422438     4.591166     96
    2.923600     7.444568     1.638726     6.161937     96
    2.923600    10.100921     2.965567     9.798012     96
    2.923600     7.311734     1.298976     5.998423     96
    2.923600     7.339933     1.734247     6.297611     96
    2.923600     7.001178     1.437817     5.966522     96
    2.923600     7.661534     1.231559     5.897074     96
    2.923600     8.846106     2.037947     7.772921     96
    2.923600     6.461367     1.893325     6.004746     96
    3.173713     6.006210     1.475389     4.834367     97
    3.173713     5.428347     1.379225     4.549279     97
    3.173713     3.980763     1.543963     4.139456     97
    3.173713     2.866656     1.085138     3.684676     97
    3.173713     3.162990     0.860143     2.359261     97
    3.173713     4.811832     1.078184     3.977292     97
    3.173713     4.738776     1.506639     5.238979     97
    3.173713     3.266529     0.468902     3.082053     97
    3.173713     3.795681     1.342720     4.062823     97
    3.173713     2.946779     0.046647     2.904006     97
    2.959546     7.298597    -0.164544     3.085623     98
    2.959546     6.327185     1.610555     5.864769     98
    2.959546     5.937570     1.534254     6.273229     98
    2.959546     5.420857     0.768095     3.734109     98
    2.959546     4.776594     1.233879     4.699879     98
    2.959546     4.973929     2.099939     5.282951     98
    2.959546     5.598093     1.421885     5.030016     98
    2.959546     5.665610     0.701585     3.553294     98
    2.959546     6.610751     1.196937     4.866558     98
    2.959546     5.637349     0.615185     3.357379     98
    3.536729     4.634043     1.648724     5.313163     99
    3.536729     3.930277     0.970697     3.910232     99
    3.536729     7.015473     3.068741     7.723196     99
    3.536729     3.525646     1.109465     4.359086     99
    3.536729     5.584591     1.743254     5.004967     99
    3.536729     4.844195     1.093947     4.550415     99
    3.536729     4.158109     1.629514     4.581819     99
    3.536729     4.061745     1.012896     4.199811     99
    3.536729     5.329306     2.136953     5.165516     99
    3.536729     6.084815     2.262929     5.671299     99
    2.242512     6.358392     1.712542     4.256169    100
    2.242512     4.461914     0.892725     3.067887    100
    2.242512     4.884536     1.726813     3.443830    100
    2.242512     6.039136     2.361051     4.994281    100
    2.242512     4.379162    -0.100734     1.693252    100
    2.242512     5.139365     2.140515     4.506304    100
    2.242512     4.090747     1.624869     3.992801    100
    2.242512     4.733836     1.447905     3.368244    100
    2.242512     4.752818     0.330862     3.430189    100
    2.242512     5.496641     2.259447     4.650153    100
