    0.643152    -2.667747    -0.096235    -1.633771      1
    0.643152     1.886895     1.965368     0.939768      1
    0.643152     3.135772     1.006782     2.422120      1
    0.643152     0.225412     0.077247     0.626139      1
    0.643152    -0.111404     1.892154     0.787410      1
    0.643152     3.119033     2.222292     2.256946      1
    0.643152    -0.795825     1.356631    -0.298250      1
    0.643152     1.336187     2.378304     1.384134      1
    0.643152    -1.337212    -0.096389    -0.912291      1
    0.643152     0.935519     2.426163     0.144068      1
   -0.432130     1.408661    -0.720171     0.111703      2
   -0.432130    -0.737162    -1.182404    -1.900934      2
   -0.432130    -2.058927    -0.764789    -2.083954      2
   -0.432130    -0.524488    -1.016191     0.732252      2
   -0.432130     0.707416     0.506927    -0.406356      2
   -0.432130     0.003078    -0.678746     0.394600      2
   -0.432130     1.753088     0.322176     1.144731      2
   -0.432130    -3.882835    -1.210608    -2.099329      2
   -0.432130     1.990165     0.974159     0.861888      2
   -0.432130     2.255828     0.919766     1.697269      2
    0.657951    -3.585912     0.331402    -0.227302      3
    0.657951     2.508933     2.024583     2.745129      3
    0.657951     2.381542     2.467007     2.735151      3
    0.657951    -2.195683     1.606880     1.668210      3
    0.657951    -3.349732    -0.189166    -1.715476      3
    0.657951     0.219328     1.872541     3.007709      3
    0.657951     1.148678     1.140750     2.097152      3
    0.657951    -0.707426     0.676464     1.551214      3
    0.657951    -0.587871     0.439693    -0.182747      3
    0.657951     1.536303     1.119540     1.439693      3
   -0.121384    -2.290505    -0.571875    -1.241799      4
   -0.121384    -1.745322    -1.441605    -2.024676      4
   -0.121384    -3.653559    -1.871733    -1.279173      4
   -0.121384     1.078550     0.736351     1.865372      4
   -0.121384    -3.745065    -1.278159    -2.729281      4
   -0.121384     0.234939     0.472975    -0.137131      4
   -0.121384     0.146539     0.935503     0.289053      4
   -0.121384    -0.095589     0.007518    -0.672357      4
   -0.121384    -3.432492    -1.848182    -2.080304      4
   -0.121384    -1.408966    -0.757167    -1.051006      4
   -1.081583    -1.779469    -0.148940    -1.342138      5
   -1.081583    -0.677830    -0.913945    -0.303995      5
   -1.081583    -0.068210    -0.060356     1.777717      5
   -1.081583    -0.415961    -1.088822    -0.684159      5
   -1.081583    -1.643702     0.737092    -0.758131      5
   -1.081583    -0.743472     0.126882    -2.187236      5
   -1.081583    -0.333997     1.235035     1.088719      5
   -1.081583    -1.915506     0.921869    -1.000262      5
   -1.081583    -1.176913    -0.649418    -1.139883      5
   -1.081583    -0.271131     0.009039    -0.814316      5
    0.878738    -0.420640    -0.817761     0.528305      6
    0.878738    -0.298689    -2.425869    -1.818999      6
    0.878738     1.834433    -1.236828    -0.526492      6
    0.878738     0.953960    -0.419240     0.502181      6
    0.878738     1.876641    -0.963210     0.130451      6
    0.878738     0.540436    -1.431308     0.018944      6
    0.878738    -0.784399    -1.093672    -2.037901      6
    0.878738     0.103966    -1.204704    -1.351697      6
    0.878738    -0.753619    -2.793670    -2.249746      6
    0.878738     4.930909    -0.124580     1.715773      6
    1.104182    -1.221787    -1.719446    -1.509033      7
    1.104182     2.450698    -0.831549     1.154540      7
    1.104182     0.594414    -0.544737    -0.752026      7
    1.104182     0.242465    -1.572275    -0.724418      7
    1.104182    -0.371468    -4.290848    -6.492598      7
    1.104182     0.246321    -1.591004    -1.594668      7
    1.104182    -0.107719    -0.884569    -0.481590      7
    1.104182    -0.866279    -0.304118     0.578023      7
    1.104182    -2.328515    -0.647089     0.343980      7
    1.104182     0.504585    -0.792051     0.624772      7
    0.247859    -0.500219    -0.079143    -1.006347      8
    0.247859     0.868267     1.798834     0.998349      8
    0.247859     4.027633     1.732638     2.134773      8
    0.247859     0.070656     0.624185    -0.054118      8
    0.247859    -1.298170     0.168441    -0.689590      8
    0.247859    -3.679708     0.293425    -1.676851      8
    0.247859     3.737718     0.750038     0.594081      8
    0.247859    -2.474986     0.102635    -0.734611      8
    0.247859     0.765850     0.644525     1.513923      8
    0.247859     2.125423     1.209459     1.069052      8
   -1.760416    -1.260135    -0.334027    -1.195899      9
   -1.760416    -1.999102    -1.908638    -1.357126      9
   -1.760416    -2.325929    -0.787376    -0.969608      9
   -1.760416    -0.966234    -2.176550    -2.068483      9
   -1.760416    -0.816508    -0.622639     0.141553      9
   -1.760416    -2.655446    -1.935413    -1.085327      9
   -1.760416    -1.265036    -0.032029    -2.103721      9
   -1.760416    -0.343418    -0.408443    -1.842171      9
   -1.760416     0.013188    -1.281647    -0.095081      9
   -1.760416    -1.227533     0.151348    -0.437790      9
   -1.566229    -1.807367     0.262144     0.528805     10
   -1.566229    -0.447103     3.254235    -2.292137     10
   -1.566229    -0.673565     0.471444    -1.064736     10
   -1.566229     0.922148    -0.299583     2.395541     10
   -1.566229    -0.534169     1.786788    -0.876579     10
   -1.566229     4.368181    -1.487787     2.250300     10
   -1.566229    -0.180275     1.735040     0.275200     10
   -1.566229     1.172634     0.474781     0.233434     10
   -1.566229    -0.443747     0.044239     0.213521     10
   -1.566229     0.655108    -1.054993     0.995323     10
    1.462737    -2.413122    -0.528453    -0.477609     11
    1.462737     0.867468     1.037930     0.993748     11
    1.462737    -2.496572    -0.709511    -3.198356     11
    1.462737    -2.338984    -1.630587    -2.439378     11
    1.462737     0.839813     1.080879     1.937393     11
    1.462737    -0.514985     0.096998     0.615363     11
    1.462737    -5.021585    -1.159147    -2.414412     11
    1.462737    -2.236092    -0.456838    -1.240490     11
    1.462737     0.193382    -0.121800    -0.293954     11
    1.462737     4.203486     0.959929     3.597536     11
   -1.244700    -1.674976    -0.107243    -1.439663     12
   -1.244700    -0.701633    -0.624145    -0.220905     12
   -1.244700     1.287393     0.136632     1.068735     12
   -1.244700     2.189563    -0.603459     1.082323     12
   -1.244700     1.273579    -0.980590     0.894986     12
   -1.244700     1.342743    -0.634050     0.521787     12
   -1.244700    -0.367262    -2.032622    -0.708795     12
   -1.244700     3.172353     0.472751     2.198788     12
   -1.244700    -5.924373    -3.754148    -3.606769     12
   -1.244700     1.896485     0.537706     0.202217     12
   -0.782114    -0.756368     0.360392    -1.173462     13
   -0.782114    -0.219243     0.487883    -1.325343     13
   -0.782114     0.459617    -0.173564    -0.202260     13
   -0.782114    -0.953808    -2.341472     0.264850     13
   -0.782114    -2.942462    -0.516583    -1.626456     13
   -0.782114     1.064419     0.860072     0.305611     13
   -0.782114    -1.397406    -0.015054    -1.367575     13
   -0.782114     1.649413    -0.454080    -1.445593     13
   -0.782114     3.595971     1.648023     0.680040     13
   -0.782114     0.748666    -0.447520     0.306950     13
    1.160682    -2.113535     1.044128    -0.683702     14
    1.160682    -0.846947     1.099676    -0.313907     14
    1.160682    -0.852836     0.605466    -0.075754     14
    1.160682    -0.438304     1.574922     1.726861     14
    1.160682     3.270733     3.211090     3.731129     14
    1.160682     1.429699     0.819272     0.783321     14
    1.160682    -2.485592    -0.862838    -0.753863     14
    1.160682    -2.083047     0.398850    -0.402592     14
    1.160682     0.014945     0.049793     0.367837     14
    1.160682    -0.996050    -0.262615    -1.384465     14
    1.072282    -2.434594    -1.746799    -1.132220     15
    1.072282     0.148884    -0.113850     0.128350     15
    1.072282     2.294049     0.589254     1.215687     15
    1.072282     7.089310     1.507890     4.149285     15
    1.072282    -1.567680    -0.192811     0.513680     15
    1.072282    -1.473486    -1.170386    -0.847182     15
    1.072282     2.107856    -0.085665     1.477142     15
    1.072282     2.709653     0.646487     2.649819     15
    1.072282    -1.177998    -0.103046     0.637034     15
    1.072282    -2.495522    -0.768356    -1.445813     15
   -0.209121    -1.345946     0.324008    -0.771304     16
   -0.209121     1.536765     1.786585     0.050427     16
   -0.209121     1.458153     2.902119     1.391360     16
   -0.209121    -1.838934     0.742033    -0.968901     16
   -0.209121     3.231845     1.688209     1.625998     16
   -0.209121    -0.550601     0.945548     0.374894     16
   -0.209121     1.451932     2.031735     1.277949     16
   -0.209121     0.306102     2.068639     0.869852     16
   -0.209121    -1.040267     0.377573     0.392023     16
   -0.209121     2.391383     1.238935     0.775706     16
   -1.356220    -0.408918    -1.081168    -0.543865     17
   -1.356220     0.709141    -1.267300    -1.537453     17
   -1.356220     0.648867    -2.110451    -0.624677     17
   -1.356220    -1.115054    -1.823094    -2.179334     17
   -1.356220    -5.345895    -3.954467    -1.118114     17
   -1.356220    -2.432078    -2.633760    -1.896108     17
   -1.356220     0.289588    -0.329373    -1.860599     17
   -1.356220    -0.859902     0.554294    -3.445633     17
   -1.356220    -2.215870    -0.751971    -2.558079     17
   -1.356220     0.042116     0.267691    -1.802101     17
    0.122399    -0.691301    -0.582004    -1.180576     18
    0.122399     3.234067     0.448707    -0.261303     18
    0.122399    -1.026170     0.112910    -1.961967     18
    0.122399    -2.234931    -0.611597    -1.808403     18
    0.122399    -4.335382    -1.185145    -3.164249     18
    0.122399    -0.215782    -0.216991    -2.418606     18
    0.122399     0.755593    -0.844649    -1.745727     18
    0.122399     3.155617     2.323218     1.576256     18
    0.122399    -3.196063    -0.641280    -2.851015     18
    0.122399    -1.079640    -2.046123    -1.744388     18
    0.413992     2.301909    -1.959491     0.209175     19
    0.413992     2.537362    -0.057625     2.557207     19
    0.413992    -1.866865    -2.333615     1.320325     19
    0.413992    -0.360908    -1.482243    -0.585441     19
    0.413992    -5.358299    -3.847959    -2.818910     19
    0.413992     2.173981    -1.108894     1.578757     19
    0.413992     0.325767    -1.351539     2.394837     19
    0.413992     2.870840    -0.290459     1.878500     19
    0.413992     0.706139    -1.056878     2.032200     19
    0.413992    -0.657327    -2.255691     0.465400     19
    0.696417     5.182918     2.632905     3.507676     20
    0.696417    -1.123558    -0.127877    -1.243059     20
    0.696417     1.601978     0.268718     0.078073     20
    0.696417     0.099356     0.037099    -0.138007     20
    0.696417    -3.234316    -0.110554    -1.330088     20
    0.696417    -1.305101    -0.129989    -0.294585     20
    0.696417     1.744516     0.742731     1.846438     20
    0.696417    -2.313880    -0.030062    -0.148708     20
    0.696417     1.975534     1.013092     1.498482     20
    0.696417    -2.360999     0.124063    -1.479925     20
   -1.078736    -2.142478     0.686567    -2.482547     21
   -1.078736    -1.159384     0.891193    -1.303449     21
   -1.078736     0.310122     0.891743     0.236819     21
   -1.078736    -0.936849    -0.464794    -0.215486     21
   -1.078736    -1.270852     0.385955    -0.871478     21
   -1.078736    -0.202218    -0.789698     0.202795     21
   -1.078736    -0.334407     0.317148     0.939633     21
   -1.078736    -2.127027    -0.740810    -1.653881     21
   -1.078736    -0.465205     0.200103    -0.816873     21
   -1.078736    -2.000187     0.426825    -0.799327     21
    1.697976     2.639510     0.386562     4.458188     22
    1.697976    -2.868743    -0.686592     0.404063     22
    1.697976    -4.750586    -1.118245    -0.760026     22
    1.697976     1.267992     0.322616     3.365318     22
    1.697976    -0.805125    -0.268180     1.812138     22
    1.697976    -2.209730    -0.310877     1.421290     22
    1.697976    -6.889002    -1.429687    -1.189225     22
    1.697976    -5.150369    -1.363691    -1.739618     22
    1.697976     4.039259     0.831609     5.561686     22
    1.697976     0.357270     0.435188     3.065805     22
    0.122071    -0.472883    -1.813807    -0.170083     23
    0.122071    -1.389250    -2.546979    -1.681419     23
    0.122071     2.241702    -1.505219    -0.113132     23
    0.122071    -1.380557    -0.174331    -0.189373     23
    0.122071     1.140578    -2.125108    -0.543410     23
    0.122071    -1.619621    -1.397175    -0.098070     23
    0.122071    -0.655077    -2.366664    -0.661480     23
    0.122071     2.605544    -1.818118    -0.495155     23
    0.122071     0.396840    -1.707874    -0.011744     23
    0.122071    -1.683045    -1.330341    -1.098056     23
    0.955143    -4.110388    -1.436255    -0.726254     24
    0.955143    -3.323460    -0.856960    -2.838348     24
    0.955143     4.634764     1.046752     6.711244     24
    0.955143    -4.038563    -0.983403    -2.224443     24
    0.955143    -1.258937    -0.637544    -0.957668     24
    0.955143    -0.231804     0.862068     1.885426     24
    0.955143    -2.095848    -0.331954     0.025190     24
    0.955143    -2.192411    -1.829284    -1.772945     24
    0.955143     2.018381     1.158615     3.583501     24
    0.955143     0.594129     0.287498     1.975283     24
   -0.652882     0.596885     0.867324     1.346675     25
   -0.652882     3.087626     1.471056     3.186794     25
   -0.652882    -2.443654    -0.586360    -1.148632     25
   -0.652882    -0.678589     0.590458     0.505889     25
   -0.652882    -0.639194    -0.547842    -0.426646     25
   -0.652882    -1.256904    -1.347701    -1.673867     25
   -0.652882    -1.542123    -2.816174    -2.594360     25
   -0.652882     2.102913    -1.346458    -0.735360     25
   -0.652882    -0.887248    -0.369798    -0.364042     25
   -0.652882     0.216364    -0.434171    -1.478133     25
   -0.406225    -2.339791    -1.029160    -1.538434     26
   -0.406225     0.396595    -2.309323    -0.176551     26
   -0.406225    -1.258384     0.615105     0.475602     26
   -0.406225     0.493450    -1.909071    -0.972059     26
   -0.406225    -0.977623    -1.259067     0.559871     26
   -0.406225     0.354191    -1.788990    -2.056707     26
   -0.406225     0.137134    -2.911142    -0.604419     26
   -0.406225    -2.580592    -0.405756     0.057212     26
   -0.406225     1.563818    -1.207022     0.998907     26
   -0.406225    -1.350034    -0.370709    -2.008309     26
    0.090837    -0.370041     0.297983    -0.455754     27
    0.090837    -5.451281    -0.777558    -2.528858     27
    0.090837    -1.574869     0.384453    -0.025604     27
    0.090837    -1.619454     0.191396    -0.681253     27
    0.090837    -3.592508    -0.152646    -0.404588     27
    0.090837    -1.691728     0.064302     0.045248     27
    0.090837     0.654774     0.465944     0.053401     27
    0.090837    -0.035512     0.653319     0.476235     27
    0.090837    -4.072009    -0.829324    -2.194527     27
    0.090837    -3.966237    -1.894940    -1.131377     27
   -0.579326     0.314424    -0.128718    -0.537881     28
   -0.579326     2.086436     0.931173     0.188080     28
   -0.579326    -0.216799     1.084040    -0.725208     28
   -0.579326     3.573075    -0.065195     1.185398     28
   -0.579326     3.437723     0.259033     0.860769     28
   -0.579326     2.320773     1.571997     1.487421     28
   -0.579326    -1.226734    -2.351940    -0.452278     28
   -0.579326     0.469598     0.344831    -0.095092     28
   -0.579326    -1.423530     0.112965    -0.833092     28
   -0.579326    -1.711402     0.488371    -1.105638     28
   -0.075280    -0.270503     1.768642     2.063337     29
   -0.075280    -1.880749    -0.735253    -2.918884     29
   -0.075280    -1.860726     2.582058     2.679116     29
   -0.075280    -1.078903     1.670121    -0.505288     29
   -0.075280    -0.982561     0.067350    -1.588014     29
   -0.075280     0.140213     0.298938    -1.343465     29
   -0.075280    -2.162996    -0.641958     0.222744     29
   -0.075280    -2.243116     0.559240     0.557004     29
   -0.075280    -1.967625     0.055471     0.521784     29
   -0.075280    -2.556912     1.401127     1.078315     29
    0.998179     5.250351     0.771166     1.932124     30
    0.998179     1.478784    -0.535351     0.334820     30
    0.998179     2.695816    -0.031797     1.042949     30
    0.998179     2.980525    -0.655571     1.014328     30
    0.998179    -4.325183    -1.770711    -1.201459     30
    0.998179     0.011651     0.109994    -0.158266     30
    0.998179    -4.198407    -1.671517    -1.272613     30
    0.998179    -1.928439    -0.458539    -1.143584     30
    0.998179    -5.103089    -2.017481    -1.949621     30
    0.998179     0.801045    -0.923710     0.614315     30
   -1.208361    -0.871224    -1.032776    -0.937143     31
   -1.208361    -1.046435    -0.651320    -1.693673     31
   -1.208361    -0.987125     0.022470    -1.802373     31
   -1.208361     0.686578    -0.819096    -0.331799     31
   -1.208361     1.110094    -2.611455     0.878714     31
   -1.208361     0.413742    -1.809344     1.026976     31
   -1.208361    -1.882220    -0.929419    -1.016541     31
   -1.208361     2.567017    -0.584708    -0.101520     31
   -1.208361     0.161232    -1.383125    -1.314469     31
   -1.208361    -0.773658    -1.771513    -1.110460     31
   -1.030173     0.889617     0.518057    -0.776604     32
   -1.030173    -0.499174     0.599005    -2.262430     32
   -1.030173    -0.859628     0.149034    -1.027035     32
   -1.030173     0.810037    -0.024657    -0.824064     32
   -1.030173     1.267523     1.352484    -0.683093     32
   -1.030173    -0.156400     0.022229    -0.202503     32
   -1.030173     0.566846     0.315914    -0.695510     32
   -1.030173    -2.755570    -2.579329    -0.334849     32
   -1.030173    -1.532827    -1.007484    -0.290429     32
   -1.030173    -1.308518    -1.207038    -1.587070     32
    1.665712     4.176679     2.926869     5.036381     33
    1.665712     1.470033     2.234915     3.091834     33
    1.665712    -1.796926     0.670231     0.754697     33
    1.665712    -2.304260    -0.447954    -2.224199     33
    1.665712     3.479626     2.213992     3.869041     33
    1.665712    -0.599011     0.493368    -0.709993     33
    1.665712     4.930736     2.112931     3.983426     33
    1.665712     4.892634     3.153761     5.471107     33
    1.665712     4.496690     1.820045     3.729248     33
    1.665712     4.032304     2.593788     4.723748     33
   -1.167172     3.711863    -2.437482    -3.203014     34
   -1.167172     1.515416    -3.621920    -0.503571     34
   -1.167172     4.063044    -2.794346    -0.295007     34
   -1.167172     1.550824    -3.581647    -0.725739     34
   -1.167172     2.411741    -3.080186     0.732168     34
   -1.167172     2.120109    -3.814882    -0.819717     34
   -1.167172     2.324354    -2.499530    -1.264736     34
   -1.167172     1.151738    -3.862954    -0.501838     34
   -1.167172     1.627877    -5.245751     1.123732     34
   -1.167172     2.305520    -1.673946    -3.554623     34
   -2.001197     2.219478     0.590311     0.075948     35
   -2.001197     1.435548    -1.858965     0.282808     35
   -2.001197     0.846339     0.104802     0.817995     35
   -2.001197    -0.477729    -0.398159    -0.694922     35
   -2.001197     2.609784     0.334296     1.697216     35
   -2.001197     2.360297     0.138175     0.532578     35
   -2.001197     2.502686     1.435748     0.980304     35
   -2.001197     0.425444     0.083940     1.877259     35
   -2.001197     3.674861     0.101616     2.835204     35
   -2.001197     2.397521    -1.769080     0.505294     35
    1.312796    -2.413737    -0.214867    -0.460632     36
    1.312796    -1.432868    -0.348292    -1.493132     36
    1.312796     0.615125     0.357751     1.043533     36
    1.312796     0.961893     0.846462     2.728229     36
    1.312796     1.135439     1.659551     3.222955     36
    1.312796    -0.372811     1.034281     2.043278     36
    1.312796     0.302489     0.982285     2.488566     36
    1.312796     0.835038     1.362786     2.203254     36
    1.312796     0.145163     0.823832     2.046095     36
    1.312796    -0.982470    -0.790780    -0.922582     36
   -0.168753     2.736281    -1.763557    -0.473542     37
   -0.168753     1.068767    -0.411243     0.535714     37
   -0.168753     1.868971    -1.229365    -0.047610     37
   -0.168753     1.655939    -0.514295    -0.401155     37
   -0.168753     0.211057    -2.053459    -1.077893     37
   -0.168753     1.831842    -1.420772    -0.379416     37
   -0.168753     1.572426    -1.607492    -1.373293     37
   -0.168753     0.368692    -1.744991    -1.334281     37
   -0.168753     1.440268    -1.443276    -1.648906     37
   -0.168753     1.257571    -0.614257    -0.780296     37
    0.665261     1.699742     0.280260     1.402551     38
    0.665261     0.492097     0.776875     2.279542     38
    0.665261     1.722043     0.875283     3.125481     38
    0.665261     3.390151     0.734279     2.201564     38
    0.665261     1.550854    -0.145985     0.271767     38
    0.665261     0.484542     0.770252     1.448154     38
    0.665261    -1.084830     0.316906     0.710587     38
    0.665261    -0.635811    -0.308249     0.268474     38
    0.665261    -0.391804    -2.230481    -3.383233     38
    0.665261     1.401263     1.325474     2.886681     38
    1.708970    -4.401676     1.691875     0.069794     39
    1.708970     2.353249     3.345107     3.344542     39
    1.708970     3.749144     3.625605     3.555462     39
    1.708970   -11.016443     0.583179    -2.391834     39
    1.708970     3.166250     3.356239     3.029309     39
    1.708970     7.294071     4.210437     5.452339     39
    1.708970     7.171574     3.866703     5.597950     39
    1.708970     6.019262     3.812677     4.497412     39
    1.708970     3.980730     3.478269     3.345460     39
    1.708970    -2.093026     2.038552     0.918413     39
   -0.722168     0.943351     1.744920     2.117602     40
   -0.722168     3.393062     1.130746     2.274790     40
   -0.722168    -1.576413     2.193873    -1.162666     40
   -0.722168    -2.789558     0.999320    -0.956589     40
   -0.722168     2.231870     0.530780     1.105644     40
   -0.722168    -0.400629     1.598093     0.503764     40
   -0.722168     1.827943     0.794326     2.382804     40
   -0.722168     5.332895     2.621609     2.821132     40
   -0.722168    -2.561354    -0.113222    -0.704125     40
   -0.722168    -0.965284     0.516038     1.150362     40
    0.132476     0.743773    -0.419764     1.064802     41
    0.132476     4.962513     1.573929     4.612933     41
    0.132476    -0.234715    -0.421710    -0.673238     41
    0.132476    -2.376020    -1.492183     0.555474     41
    0.132476    -2.879049    -2.207022    -1.712371     41
    0.132476    -1.191569    -1.569242    -0.804576     41
    0.132476    -1.924912    -0.555897    -1.396565     41
    0.132476     4.485283    -0.332211     2.470209     41
    0.132476    -0.309692     0.631088     0.085050     41
    0.132476     1.970006     0.128513     1.978732     41
    0.219222    -0.029511     0.684523    -0.753816     42
    0.219222    -1.577161     0.827420    -1.546795     42
    0.219222     1.633542     0.187439    -1.027680     42
    0.219222     1.707653     1.234081     0.355106     42
    0.219222     0.861408    -0.190105    -2.822811     42
    0.219222    -1.874532     0.783476    -2.755184     42
    0.219222    -0.848322    -0.100174    -0.101218     42
    0.219222    -0.838388    -0.642094    -2.377488     42
    0.219222    -2.191763    -0.055356    -1.098842     42
    0.219222     0.499072     0.701112    -1.608235     42
   -1.130690    -3.438145    -1.031866    -1.191881     43
   -1.130690     1.650953     0.559702     0.886979     43
   -1.130690     3.943700     1.037821     0.870933     43
   -1.130690     3.856312     0.655262     0.840863     43
   -1.130690     1.943767    -0.596694     0.679356     43
   -1.130690    -0.434436     1.360854     0.449495     43
   -1.130690     5.650894     1.479006     2.424226     43
   -1.130690     1.403735    -1.130175     0.436471     43
   -1.130690    -2.277738    -0.393522    -0.411837     43
   -1.130690     0.892740    -0.572271     0.373207     43
   -0.189051    -3.607877    -3.176245    -2.489858     44
   -0.189051    -0.793774    -1.179247     0.747666     44
   -0.189051     0.708961    -1.765887    -0.437679     44
   -0.189051    -0.321185    -1.538973     0.338052     44
   -0.189051    -0.326109    -2.583227     0.294765     44
   -0.189051     0.166736    -0.796013     0.910351     44
   -0.189051    -3.076558    -2.332950    -1.648255     44
   -0.189051    -0.532532    -0.845302     0.115663     44
   -0.189051     1.236508    -0.873900     0.374439     44
   -0.189051     0.141456    -1.217570     1.078401     44
    0.297694     1.110493     1.426990    -0.733325     45
    0.297694     1.846512     0.678303     0.642752     45
    0.297694     2.372501     0.512951    -0.224580     45
    0.297694     0.769715    -1.415995    -1.307428     45
    0.297694     2.020157     0.295878     1.205491     45
    0.297694     0.019406    -1.033474    -0.088481     45
    0.297694     1.321155     0.238339    -0.964409     45
    0.297694     0.141838     0.770568     1.268676     45
    0.297694    -0.399760    -1.056970    -2.160200     45
    0.297694    -1.484008    -1.726234    -1.658667     45
    0.114975     2.274423    -0.371589     1.310193     46
    0.114975    -2.665293     0.593618    -1.895971     46
    0.114975    -0.580429    -0.165531    -0.779741     46
    0.114975     0.121058    -0.016492    -0.250033     46
    0.114975     1.162830     1.005028     0.601812     46
    0.114975     2.787435     0.866476     1.505072     46
    0.114975     2.800949    -0.311301     0.737638     46
    0.114975     1.937547    -0.948970     1.154846     46
    0.114975    -1.297340    -0.522091    -0.331642     46
    0.114975     1.648070     0.883881     0.168173     46
   -0.439499    -0.860395    -1.387653    -3.018317     47
   -0.439499    -0.795107    -2.871571    -1.579548     47
   -0.439499     0.009267    -1.674732    -0.239151     47
   -0.439499     1.623427    -0.297617    -2.384349     47
   -0.439499     0.659682    -0.708060    -1.635508     47
   -0.439499     1.007991    -0.548363     0.414156     47
   -0.439499     1.071875    -0.762476     0.692037     47
   -0.439499    -2.176810    -2.513458    -1.351918     47
   -0.439499    -1.772280    -1.947414    -0.190803     47
   -0.439499    -1.501482    -2.577416     0.860690     47
    0.281439     0.886712     1.429856     1.168475     48
    0.281439    -1.613658    -1.989491    -2.621640     48
    0.281439    -0.119137    -0.361741    -0.623875     48
    0.281439     3.612331     1.226204     1.720709     48
    0.281439    -1.018585    -1.055057    -1.880816     48
    0.281439    -1.279861    -0.176653    -1.230901     48
    0.281439    -1.134827    -1.681129    -2.578152     48
    0.281439     2.221971     0.734203     1.032125     48
    0.281439    -0.965871     0.507737    -0.940942     48
    0.281439     0.294706     1.350104     1.547864     48
    2.069087     4.506544     0.569963     4.723271     49
    2.069087     1.982566    -0.803884     1.953571     49
    2.069087     1.178631    -1.048461     0.575514     49
    2.069087     0.830103    -1.963374    -0.830948     49
    2.069087     2.555963     0.127137     3.074665     49
    2.069087     5.362987     0.193620     4.401848     49
    2.069087     3.675921     0.279423     5.065566     49
    2.069087     2.267612    -0.299139     1.351504     49
    2.069087     1.278700    -1.199806     0.379140     49
    2.069087     2.504618    -0.153496     1.704645     49
   -0.789599     2.523162     2.352486     2.506378     50
   -0.789599     2.782502     1.784848     2.342661     50
   -0.789599     0.797494     2.701653     1.319299     50
   -0.789599     1.389352     1.377627     2.438512     50
   -0.789599    -4.409862     0.145829    -2.605899     50
   -0.789599    -0.966340     0.873704    -0.595663     50
   -0.789599    -3.585167    -1.001816    -1.391110     50
   -0.789599    -1.421297     2.279525     1.150233     50
   -0.789599    -0.398372     0.735614     0.087298     50
   -0.789599     0.583258     0.520511     0.444191     50
    0.624684     0.561281    -0.720839    -1.856736     51
    0.624684    -0.149805    -0.266028    -1.154051     51
    0.624684     1.069447     0.960664     0.725696     51
    0.624684     0.760829     0.842822     1.837164     51
    0.624684     0.997113    -0.918331    -1.140869     51
    0.624684    -0.859715    -1.874313    -3.023127     51
    0.624684    -0.895834     0.158307     0.480789     51
    0.624684     1.045988    -1.741005    -1.458512     51
    0.624684     1.387615     1.621045     0.663411     51
    0.624684    -0.776972     0.337847    -0.707779     51
    0.563009    -4.017241    -3.574132    -3.761166     52
    0.563009    -4.303489    -3.882653    -5.779341     52
    0.563009    -1.659759    -2.625041    -0.964805     52
    0.563009     2.702501    -2.051993    -0.379549     52
    0.563009     6.132091    -1.301384     0.988745     52
    0.563009     0.592698    -2.155418    -1.382119     52
    0.563009     0.680314    -1.574780    -2.226267     52
    0.563009     4.141977    -1.900390     0.519694     52
    0.563009     9.728890     1.848160     3.781575     52
    0.563009    -0.799210    -2.520394    -2.053921     52
   -0.186686     2.602781     0.926438     2.858378     53
   -0.186686     1.765431     0.548911     1.731689     53
   -0.186686    -1.892717    -1.020588    -1.806884     53
   -0.186686     2.601993     1.101242     2.972052     53
   -0.186686     1.829184     1.147340     1.342495     53
   -0.186686     0.164395     0.051214     0.511538     53
   -0.186686     0.240807     0.218842     0.484621     53
   -0.186686    -2.248813    -0.506039    -1.596285     53
   -0.186686     1.479096     1.026982     2.496810     53
   -0.186686     1.358191    -0.939783    -0.278256     53
   -0.319257    -2.454382    -1.433441    -1.107224     54
   -0.319257    -1.454621    -0.651349     0.934877     54
   -0.319257    -1.449022    -0.829308    -1.037931     54
   -0.319257    -4.117643    -1.309577    -0.127603     54
   -0.319257    -1.480773    -0.403242    -0.309462     54
   -0.319257    -0.626095     0.910934     0.365133     54
   -0.319257    -0.804083    -1.917431     1.342426     54
   -0.319257    -2.203769    -1.167018    -0.052378     54
   -0.319257    -3.666630    -1.310313     0.080765     54
   -0.319257    -0.715603    -0.512879    -1.430702     54
    1.640952    -1.072032    -1.479502    -1.653652     55
    1.640952     2.033903     0.890847     1.921477     55
    1.640952     0.808129     0.197877     0.634084     55
    1.640952     1.552420     0.485710     1.985405     55
    1.640952     2.240131     0.069475     1.117375     55
    1.640952     0.346152    -0.702569     1.082987     55
    1.640952     1.615192     1.184327     1.337274     55
    1.640952     0.985373     0.648737    -0.244479     55
    1.640952     0.786564     0.697061     0.496141     55
    1.640952     5.661585     2.427607     5.130451     55
    1.929613     2.108760     0.894292     4.321956     56
    1.929613    -0.943608    -0.452259    -0.230520     56
    1.929613    -0.000809     0.714984     2.421668     56
    1.929613     1.531164     0.289375     2.763776     56
    1.929613     0.137721    -0.164541     1.102272     56
    1.929613     4.521570     1.018701     4.839454     56
    1.929613     6.514444     3.821035    11.233233     56
    1.929613     4.339169     0.969763     2.657508     56
    1.929613    -3.531436    -1.455603    -1.329318     56
    1.929613     1.491399    -0.198265     1.655254     56
   -2.764457    -0.606630    -0.202362    -1.542117     57
   -2.764457     1.175744     0.361751    -1.678207     57
   -2.764457    -0.632076     0.719281    -1.603160     57
   -2.764457    -0.192570    -1.274792    -1.010172     57
   -2.764457     0.509070     0.788415    -0.710403     57
   -2.764457     0.900250     0.524817    -0.870283     57
   -2.764457     1.283153    -0.039555    -0.273801     57
   -2.764457    -3.746968    -1.017399    -2.726672     57
   -2.764457     0.635358    -0.470943    -0.305113     57
   -2.764457     1.445723     0.054671    -1.828865     57
   -0.941952     3.474950     2.199616    -0.140011     58
   -0.941952     0.406288     0.721423    -0.309997     58
   -0.941952     3.309814     1.405697     0.623169     58
   -0.941952     2.181387     1.273386     1.196338     58
   -0.941952     2.706513     2.092084     2.491713     58
   -0.941952     1.837832     1.013072     1.580482     58
   -0.941952     1.437707     1.407977    -1.689911     58
   -0.941952     3.384018     0.744122     0.849964     58
   -0.941952    -0.403675     1.380765     0.163893     58
   -0.941952     1.671614     1.175106    -0.131174     58
   -0.398580    -2.226481    -0.709628    -1.251072     59
   -0.398580    -2.840442    -1.681320    -1.787221     59
   -0.398580    -2.447794    -0.142322    -1.213347     59
   -0.398580     0.058935     0.249107     0.827393     59
   -0.398580    -2.210203    -1.011083    -2.127980     59
   -0.398580     1.752784     1.646373     1.760392     59
   -0.398580    -0.595389     0.100278     0.523050     59
   -0.398580    -1.652098    -0.729779    -0.670472     59
   -0.398580    -2.376043     0.129552    -1.475156     59
   -0.398580    -2.823559    -1.132252    -2.798192     59
    0.334169     1.498010     1.814673     1.685313     60
    0.334169     3.587234     2.490879     2.389306     60
    0.334169     0.500297     1.732656     1.470418     60
    0.334169     0.431402     1.713668     0.178431     60
    0.334169     1.648472     0.527796     0.334636     60
    0.334169     3.275888     2.163194     2.598068     60
    0.334169     1.154050     2.012709     1.275341     60
    0.334169     4.147415     2.196975     2.665198     60
    0.334169     0.964211     0.666503     0.450648     60
    0.334169     1.311410     1.953275     2.109401     60
    0.442464    -0.347728     0.885179    -0.402578     61
    0.442464     2.306312     0.263013     3.814021     61
    0.442464     1.131445    -0.390300     0.444846     61
    0.442464    -1.501691    -0.605803    -1.336985     61
    0.442464    -0.085283    -0.013336    -0.513578     61
    0.442464     0.476803     0.045005     0.228823     61
    0.442464     1.842307     1.448597     1.704060     61
    0.442464     2.012551     1.777435     2.537166     61
    0.442464    -0.612691    -0.347738    -0.669129     61
    0.442464    -0.001310     0.567288    -0.248340     61
   -0.734133    -0.095444    -0.292746    -0.134885     62
   -0.734133     1.264220    -0.347276     0.421771     62
   -0.734133     1.853559    -0.816240     1.045240     62
   -0.734133     0.855191    -1.386608    -0.532978     62
   -0.734133     1.493926    -0.173999     1.103679     62
   -0.734133    -1.771043    -0.238622    -1.146377     62
   -0.734133    -1.287347     0.242868     1.030453     62
   -0.734133     0.655184     1.435635     0.136173     62
   -0.734133     1.584838    -0.211019     2.402375     62
   -0.734133     1.031724     0.623651     0.576402     62
    1.067313    -1.663496    -0.503496    -2.175702     63
    1.067313     3.483398     0.422980     0.565690     63
    1.067313    -1.279705     0.061107    -0.856851     63
    1.067313     0.494911    -1.090626    -0.122085     63
    1.067313     2.275247     0.852155     0.975266     63
    1.067313     3.786887     1.155108     1.507443     63
    1.067313     1.047868     0.161990     0.309251     63
    1.067313    -0.124703     0.487445    -0.772980     63
    1.067313     0.344986    -0.838257    -0.733941     63
    1.067313    -0.055625     0.695118    -2.148399     63
    0.545017     2.732247     0.921622     2.953057     64
    0.545017     3.402012     0.164826     3.599090     64
    0.545017    -1.630824    -1.065134    -0.452716     64
    0.545017     2.418858     1.043350     3.419985     64
    0.545017     4.064166     0.198688     3.610938     64
    0.545017     2.016195    -0.032247     1.857106     64
    0.545017    -0.001388    -0.588103    -0.464094     64
    0.545017    -2.640550    -2.047848    -0.832070     64
    0.545017     2.671075    -0.342071     3.012874     64
    0.545017    -2.646243    -1.228700    -0.375850     64
    0.417998     2.531064    -1.316238    -0.776781     65
    0.417998     1.670044     0.089140    -0.062992     65
    0.417998     0.991156     0.909039    -0.206992     65
    0.417998     1.709451     0.134949    -0.490223     65
    0.417998     0.301030    -0.400486    -0.133417     65
    0.417998     2.144965    -0.547766     2.546816     65
    0.417998     1.265484     0.854818     0.320706     65
    0.417998     3.749606     0.184245     0.780069     65
    0.417998    -0.280731     0.115167    -1.938596     65
    0.417998     3.392049    -2.276451     0.569329     65
    0.810045     2.379719     1.321520     1.764097     66
    0.810045    -6.239051    -1.080449    -3.596701     66
    0.810045    -1.712092     0.283644     0.074312     66
    0.810045    -2.598157     0.225352    -0.681563     66
    0.810045     1.957260    -0.869739    -0.254324     66
    0.810045    -2.155137    -1.059831    -2.105078     66
    0.810045    -1.339857     0.180797    -0.724272     66
    0.810045     0.466850     0.297665     0.014512     66
    0.810045    -3.910916    -0.417723    -0.999742     66
    0.810045     2.935879     1.944851     2.655435     66
    0.854358    -1.911580    -2.613885    -4.441658     67
    0.854358    -1.832375    -2.167366    -0.425146     67
    0.854358     2.432582    -0.299595     2.115588     67
    0.854358    -1.815367    -2.059817    -2.010899     67
    0.854358    -0.205737    -2.348669    -1.052127     67
    0.854358     3.574096     0.411548     3.728119     67
    0.854358     0.655070    -1.276155     0.342732     67
    0.854358     1.486716    -0.802518     2.273563     67
    0.854358     0.327185    -1.734831    -0.883700     67
    0.854358     0.057115    -0.544075     0.152861     67
   -0.230841    -2.412011     0.460983    -0.049619     68
   -0.230841     2.063063     1.647877     1.589672     68
   -0.230841    -1.248687     1.332508     0.371377     68
   -0.230841    -3.379167     0.343360    -0.979180     68
   -0.230841    -3.345555     0.442501    -1.273084     68
   -0.230841     4.310604     2.206429     2.874950     68
   -0.230841    -3.166952     0.582509    -1.540929     68
   -0.230841    -5.134173     0.233499    -1.038848     68
   -0.230841    -1.566994    -0.101493     0.826380     68
   -0.230841     1.399163     2.115459     2.231858     68
    1.249590     0.024663    -1.231795     0.224282     69
    1.249590    -1.373002    -0.843601    -0.844361     69
    1.249590    -3.613137    -1.048378    -1.070640     69
    1.249590     1.562341    -0.162482     0.238958     69
    1.249590    -4.195121    -1.852216    -2.175625     69
    1.249590    -6.139997    -2.562364    -2.694865     69
    1.249590     5.016259     0.414386     1.868829     69
    1.249590     0.071917    -0.515204    -0.480281     69
    1.249590     4.243475     1.308126     1.609015     69
    1.249590    17.101992     2.666504     5.602813     69
    0.769655    -0.523102    -1.419468    -1.008857     70
    0.769655    -2.115906    -1.756112    -2.928597     70
    0.769655    -2.194196    -1.067939    -0.740851     70
    0.769655    -4.140163    -0.688269    -1.506620     70
    0.769655    -3.722041    -0.431988    -2.319476     70
    0.769655    -3.259904    -1.460341    -1.894145     70
    0.769655    -2.368500    -3.581806    -3.466540     70
    0.769655     1.126958    -0.970496     0.239321     70
    0.769655     0.186002     0.199963     0.474458     70
    0.769655     1.432589     0.312010     1.971366     70
   -0.458494    -1.654460    -1.317975    -2.064827     71
   -0.458494    -2.479234    -0.202796    -0.830170     71
   -0.458494     0.590042    -0.936978    -0.382341     71
   -0.458494    -2.430460    -0.772248    -2.523759     71
   -0.458494     1.338341     0.591026     2.931506     71
   -0.458494    -0.984163    -1.438654    -1.856977     71
   -0.458494    -1.204044     0.109910     0.326654     71
   -0.458494    -0.433707    -0.374406    -0.906720     71
   -0.458494     1.723643     1.485035     1.334224     71
   -0.458494    -2.644743    -1.640889    -1.746291     71
   -1.685398    -1.772344    -2.376576    -0.973906     72
   -1.685398    -1.816714    -1.958534    -1.974757     72
   -1.685398    -0.017890    -0.645355    -1.241803     72
   -1.685398    -3.721905    -1.945871    -2.646013     72
   -1.685398     0.990546     0.067765    -0.717937     72
   -1.685398    -3.810965     0.106419    -1.887897     72
   -1.685398    -0.824773    -2.323824    -1.014694     72
   -1.685398     0.032919    -2.621762    -0.887520     72
   -1.685398    -2.095801     0.129303    -2.807669     72
   -1.685398    -1.230291    -1.487498    -2.466359     72
    1.997501     0.362725     0.672413     1.577380     73
    1.997501    -4.702219    -1.313904    -1.008394     73
    1.997501    -2.082291    -1.022906    -0.651353     73
    1.997501    -1.043356    -0.457587     1.062158     73
    1.997501    -2.533036    -0.389062    -0.237094     73
    1.997501    -5.566887    -1.089397    -2.931125     73
    1.997501    -3.696400    -0.723334    -0.100428     73
    1.997501    -2.075386    -0.577070     0.448984     73
    1.997501    -0.417887    -0.294603     0.354232     73
    1.997501     0.075670     0.317538     0.117236     73
   -0.357374    -0.158056     1.042098     2.231917     74
   -0.357374     0.331236     0.414124    -0.622128     74
   -0.357374     1.288087    -0.305098    -1.258716     74
   -0.357374     0.503868     1.899410    -0.321325     74
   -0.357374     1.026527    -1.699604    -2.679364     74
   -0.357374     0.177987     0.240300    -0.234076     74
   -0.357374     1.243116    -1.823554    -1.513823     74
   -0.357374    -0.867099     1.812498     0.814504     74
   -0.357374    -0.792222    -0.485005     0.207454     74
   -0.357374     0.111886    -1.977783    -3.071555     74
   -0.172700     0.409634    -0.204758     0.307638     75
   -0.172700     1.314195     0.453289     1.298221     75
   -0.172700     0.355657     0.388247     1.001901     75
   -0.172700    -1.125887     0.631846     0.207079     75
   -0.172700    -4.457922    -1.676322    -1.664253     75
   -0.172700     0.466863    -0.099156     0.573978     75
   -0.172700    -7.036897    -2.812278    -2.397117     75
   -0.172700    -3.355947    -1.450319    -1.705248     75
   -0.172700    -3.495666    -1.006347    -1.237644     75
   -0.172700     3.875950    -0.650081     1.979801     75
   -0.172140    -1.216203    -2.208476    -0.876914     76
   -0.172140     0.931317    -0.902288     1.998557     76
   -0.172140     0.895561    -1.399420     1.392644     76
   -0.172140     1.878541    -1.687655     1.563635     76
   -0.172140    -1.869398    -2.812282     0.022468     76
   -0.172140     2.653100    -0.303294     1.467425     76
   -0.172140    -3.283453    -2.703860    -2.622765     76
   -0.172140     0.961892    -2.445134     1.204598     76
   -0.172140     1.803328     0.565420     2.652412     76
   -0.172140     2.839515    -1.617126     1.459131     76
   -0.850800    -1.309743    -0.410859    -2.192531     77
   -0.850800    -2.723416     0.551975    -2.962398     77
   -0.850800    -1.565424    -1.690872    -0.663447     77
   -0.850800    -4.017818    -0.597748    -2.093798     77
   -0.850800    -2.970711    -0.710091    -2.246816     77
   -0.850800    -3.669043    -1.606015    -2.041686     77
   -0.850800    -3.812078     0.639346    -3.340168     77
   -0.850800    -0.131299    -0.915480    -0.483405     77
   -0.850800     1.866512    -0.995354    -0.492084     77
   -0.850800     0.487146    -0.527835    -0.652858     77
    1.379082     2.810905    -0.076972     1.261165     78
    1.379082     0.043102     0.290115     1.075339     78
    1.379082     0.363441    -1.580430    -0.521327     78
    1.379082     2.554189    -0.659195     2.366920     78
    1.379082     0.547996    -0.665755    -0.280282     78
    1.379082     1.570559    -0.108304     0.928130     78
    1.379082     0.138948    -0.471879     0.963291     78
    1.379082     0.797059     0.429801     1.110134     78
    1.379082    -0.779635    -1.164795     1.093120     78
    1.379082     0.256322    -0.456992     0.651971     78
   -0.202729    -0.055204     1.759365    -0.768693     79
   -0.202729     1.055787     1.029063    -1.323895     79
   -0.202729     0.730096     2.232212     2.148907     79
   -0.202729     2.337688     0.959803    -1.622760     79
   -0.202729     1.521125     3.384291     0.074592     79
   -0.202729     0.770103     1.402830     0.839735     79
   -0.202729     2.774280     3.171777    -0.271999     79
   -0.202729     0.003828    -0.635471     0.213272     79
   -0.202729     0.577655     0.024548    -0.914633     79
   -0.202729     0.217154     0.710491    -0.573029     79
    0.442645    -0.954951    -2.415984    -1.190529     80
    0.442645    -3.524238    -2.878647    -1.576572     80
    0.442645    -0.051216    -0.984273     0.518040     80
    0.442645    -0.520880    -1.434530     1.546952     80
    0.442645     1.827365    -1.605768     1.589811     80
    0.442645    -0.229270    -2.301844    -1.067817     80
    0.442645     0.654574    -1.355774     2.439921     80
    0.442645    -0.758869    -1.537810     0.382150     80
    0.442645     2.112098     0.134908     2.104302     80
    0.442645    -3.023555    -3.111437    -0.994317     80
    0.700294     0.408560     1.212250     0.313449     81
    0.700294     1.758920     2.826616     3.037374     81
    0.700294     1.828625     1.915764     0.989022     81
    0.700294    -0.963679     0.092586    -1.865536     81
    0.700294     4.033925     2.705654     1.950642     81
    0.700294    -2.317363     0.304591    -0.758167     81
    0.700294     2.579758     2.007804     0.979165     81
    0.700294     0.496802     1.863667     0.504336     81
    0.700294     3.874325     4.786435     3.405129     81
    0.700294     0.421639     1.058896     1.345292     81
   -0.575960    -1.429367    -0.131718    -1.400328     82
   -0.575960     1.382607    -0.566762    -0.686231     82
   -0.575960     0.745569    -0.227934    -0.715016     82
   -0.575960    -2.447494     0.000174    -2.976402     82
   -0.575960     0.355327    -1.306837    -0.559109     82
   -0.575960     0.912886    -0.964752    -0.974567     82
   -0.575960     0.430527    -0.861500     0.209889     82
   -0.575960     0.373236    -1.827892     0.259690     82
   -0.575960    -0.564752     0.460203    -1.992958     82
   -0.575960    -0.272490     0.625116    -1.470891     82
   -0.183564     1.080695    -0.565541    -0.716857     83
   -0.183564    -2.259454    -2.335654    -0.307578     83
   -0.183564     1.535481    -0.530770     0.340970     83
   -0.183564    -1.641749    -1.458277    -0.889193     83
   -0.183564    -0.205574    -1.566582    -1.309608     83
   -0.183564     0.601717    -0.969991    -0.896669     83
   -0.183564    -2.899780    -1.347870    -1.489183     83
   -0.183564    -0.900031    -0.001967    -1.083086     83
   -0.183564    -4.257867    -0.977837    -2.899523     83
   -0.183564    -3.098553    -0.827750    -2.418347     83
   -0.348148     1.389995     2.148004     3.580026     84
   -0.348148     1.123723     2.120937     1.600043     84
   -0.348148    -0.102710    -0.092041     0.900834     84
   -0.348148    -0.186280    -0.108741    -0.669176     84
   -0.348148     1.056499     0.402285     3.786394     84
   -0.348148     0.443309    -0.237408     0.136308     84
   -0.348148     0.649127     0.788915     2.749557     84
   -0.348148    -0.232652     2.084610     2.272961     84
   -0.348148     0.778854     0.374753     1.631900     84
   -0.348148     2.115861     0.562994     3.522299     84
    0.107436     1.025494    -0.381116     0.617069     85
    0.107436    -2.981937    -1.477594    -4.616973     85
    0.107436     0.667695     0.032694    -0.170578     85
    0.107436     1.455488    -0.242429    -0.142389     85
    0.107436     1.938542     0.914830     0.539310     85
    0.107436     1.471404     0.480425     1.461690     85
    0.107436     0.636535     1.360902     0.906672     85
    0.107436     2.520781    -0.282731     0.670704     85
    0.107436     0.854553    -0.054087     0.156042     85
    0.107436    -0.562607    -0.961964    -2.438495     85
   -0.182244     1.484296     2.441839     1.881642     86
   -0.182244     1.467438     2.214149     1.331628     86
   -0.182244    -0.784201     1.467806     0.152416     86
   -0.182244     1.043666     2.064828     1.546829     86
   -0.182244     2.791632     1.740090     2.762450     86
   -0.182244     1.167526     2.714629     1.752409     86
   -0.182244     2.334259     2.534727     2.403369     86
   -0.182244    -0.044525     2.195190     1.556533     86
   -0.182244    -6.033279     0.137211    -2.881269     86
   -0.182244    -0.949773     1.854342     0.503920     86
   -1.225315    -0.657910    -0.781249    -0.402873     87
   -1.225315    -0.294663    -1.097447     0.135963     87
   -1.225315    -0.122201     0.047850    -0.116634     87
   -1.225315    -2.577306    -1.216132    -1.010763     87
   -1.225315     5.009949     1.967830     3.999848     87
   -1.225315    -3.597515    -1.395006    -1.012234     87
   -1.225315    -0.301449     0.474825     0.542296     87
   -1.225315     1.049870    -0.316239     0.337631     87
   -1.225315    -2.717557     0.958474     0.608427     87
   -1.225315    -3.589879    -1.217815    -1.537656     87
    0.526327     0.242957    -0.066201     0.079596     88
    0.526327     1.667537    -0.948721    -0.419566     88
    0.526327     1.956019     2.197675     2.951204     88
    0.526327    -0.316861    -1.792517    -2.482693     88
    0.526327     0.628805     0.861796     1.076430     88
    0.526327     1.366795    -0.138945     1.302491     88
    0.526327    -0.021371    -0.968972     0.298146     88
    0.526327    -0.646292    -0.204220     0.304731     88
    0.526327     2.255525    -2.092882    -1.874350     88
    0.526327    -0.429104    -0.590356    -0.728914     88
    1.200080    -1.441634     0.035278    -2.305520     89
    1.200080    -3.923287     0.715440    -0.436643     89
    1.200080     0.769070     1.076897     0.687876     89
    1.200080    -1.660100     0.255575    -0.833448     89
    1.200080    -1.213519     0.849029    -1.240403     89
    1.200080    -3.954082    -0.511136    -3.073110     89
    1.200080    -1.731908    -0.824882    -2.121319     89
    1.200080    -1.504034     0.251070    -2.391822     89
    1.200080    -1.327199     1.797669     1.743187     89
    1.200080    -3.085803    -0.504086    -4.010771     89
    0.330948    -0.070804    -1.464010    -0.633035     90
    0.330948    -0.749159    -1.003813    -1.416813     90
    0.330948     1.472799    -2.218219    -0.895597     90
    0.330948    -2.569580    -1.471684    -2.317225     90
    0.330948     1.806895    -0.407339    -0.619669     90
    0.330948     0.070174    -1.717463    -1.881069     90
    0.330948    -1.471259    -1.957444    -2.605328     90
    0.330948     3.496318     0.535065     0.464987     90
    0.330948    -2.097755    -0.933554    -2.565215     90
    0.330948    -2.763440    -3.604563    -2.193754     90
   -0.211941     2.991311     2.740605     4.557859     91
   -0.211941     2.328726     2.419541     5.222365     91
   -0.211941    -1.044059     2.081465     3.033631     91
   -0.211941     0.194297     1.453942     3.658814     91
   -0.211941     1.049811     0.011964     0.972884     91
   -0.211941    -1.232186     2.223673     3.582215     91
   -0.211941    -2.305194     0.174494    -0.046676     91
   -0.211941    -2.385023     0.117005    -0.367237     91
   -0.211941    -0.902145     0.433781    -1.112071     91
   -0.211941    -1.111349     1.559529     1.873413     91
   -1.309410     5.391280     1.618539     2.731327     92
   -1.309410     0.650717     1.324752     2.127694     92
   -1.309410     1.215017     1.057537     1.613230     92
   -1.309410     9.816443     2.477434     6.187932     92
   -1.309410     6.255249     1.776262     2.757226     92
   -1.309410    -2.790278     0.242362     0.427901     92
   -1.309410     3.475902     1.194946     2.188031     92
   -1.309410     4.759186     2.102311     3.765200     92
   -1.309410    -1.377345     0.668679     0.666599     92
   -1.309410     6.373284     1.556372     3.500732     92
    0.496456    -1.987554     0.014268    -0.609788     93
    0.496456    -0.569227     0.824378     0.385433     93
    0.496456     1.460249     3.049570     3.748708     93
    0.496456     0.462180     1.400900     2.137319     93
    0.496456    -1.507772    -0.220263    -0.467802     93
    0.496456    -2.287835     0.283936    -1.680334     93
    0.496456     0.208167     1.448481     1.614322     93
    0.496456     0.996655     0.455082     0.146529     93
    0.496456    -1.173785     0.788551     0.681815     93
    0.496456     5.342488     2.031591     3.617234     93
   -1.149680    -3.168130    -0.308915    -2.782550     94
   -1.149680    -1.816686    -1.099147    -1.622469     94
   -1.149680     2.692185     0.924691     1.208796     94
   -1.149680    -4.402376    -1.112359    -2.569500     94
   -1.149680    -0.930758     1.070037    -1.559117     94
   -1.149680     0.676971    -0.301884    -0.229325     94
   -1.149680     0.316226     0.409925    -0.165696     94
   -1.149680    -1.314186    -0.302884    -0.861977     94
   -1.149680     0.032713    -0.183945    -0.500839     94
   -1.149680    -4.221363    -0.806960    -2.706740     94
   -1.343340     1.319638     0.899471     0.441654     95
   -1.343340     1.790672     0.965367     0.214362     95
   -1.343340     2.552438    -0.486922     2.290965     95
   -1.343340     2.193200     1.262308     2.094098     95
   -1.343340    -0.872295    -1.423612    -0.713915     95
   -1.343340    -0.218840    -0.205388     0.827519     95
   -1.343340     5.078685     1.437498     2.046130     95
   -1.343340     0.146071     0.311506    -0.796540     95
   -1.343340     0.707578     0.316220    -0.342635     95
   -1.343340     1.657970    -0.173733     0.805743     95
   -0.108046     3.168797    -0.246193     1.576157     96
   -0.108046    -2.202663    -1.252539    -1.916399     96
   -0.108046     2.303824    -0.946663     0.430089     96
   -0.108046     5.381463     0.929774     3.870422     96
   -0.108046     3.215746    -1.427141     0.950481     96
   -0.108046     1.870099    -0.811575     0.447550     96
   -0.108046     2.086862    -1.230791     0.557581     96
   -0.108046     4.020567    -1.522483     0.927945     96
   -0.108046     4.801371    -0.382078     2.409051     96
   -0.108046    -0.611705    -0.586606    -0.470584     96
    0.245668     1.819170    -0.133782    -0.300968     97
    0.245668     0.798940    -0.269778    -0.625794     97
    0.245668    -2.723536    -0.036803    -1.709229     97
    0.245668    -3.765001    -0.685680    -1.605935     97
    0.245668    -3.743578    -1.003870    -3.567988     97
    0.245668     0.074844    -0.695514    -1.057544     97
    0.245668    -0.221360    -0.089588     0.374162     97
    0.245668    -1.694326    -1.557169    -1.452270     97
    0.245668    -2.513954    -0.321404    -1.439658     97
    0.245668    -1.145082    -2.154328    -0.918144     97
   -0.057210     2.588487    -3.110857    -1.018675     98
   -0.057210     2.012781    -0.600487     0.474133     98
   -0.057210     1.731880    -0.708393     1.373812     98
   -0.057210    -0.951393    -1.791906    -1.716270     98
   -0.057210    -1.597422    -1.133188    -0.892725     98
   -0.057210    -1.358237     0.091607    -1.575430     98
   -0.057210     0.061962    -0.867306    -0.669275     98
   -0.057210    -0.619423    -1.885964    -1.912212     98
   -0.057210     1.931302    -1.185431    -0.513882     98
   -0.057210    -0.784684    -2.008152    -2.095593     98
    0.759050    -0.787340    -0.669224     0.575014     99
    0.759050    -1.477070    -1.628099    -0.682040     99
    0.759050     1.831904     1.338983     2.243395     99
    0.759050    -2.189997    -1.431851    -0.129500     99
    0.759050     0.405241    -0.535538    -0.169521     99
    0.759050     0.434925    -1.453798     0.249670     99
    0.759050    -2.270747    -0.696391    -0.723275     99
    0.759050    -1.089445    -1.568420    -0.234524     99
    0.759050    -1.003508     0.021236    -0.633769     99
    0.759050     0.489041     0.199393     0.047320     99
   -1.071250     2.030576     0.120436    -1.659498    100
   -1.071250    -1.133986    -1.038959    -2.057840    100
   -1.071250    -1.425934     0.140618    -3.173451    100
   -1.071250     1.027751     1.037567    -1.712954    100
   -1.071250    -0.864411    -2.443922    -2.421272    100
   -1.071250    -0.688512     0.725683    -2.127422    100
   -1.071250    -2.202113    -0.003552    -1.950928    100
   -1.071250    -1.299682    -0.253816    -2.708892    100
   -1.071250     0.675478    -1.833555    -0.182504    100
   -1.071250    -0.105487     0.893877    -2.121733    100
