    3.847053     4.064028     4.136489     8.492899      1
    3.847053     3.599397     3.728720     9.073630      1
    3.847053     7.704277     2.638451     4.082619      1
    3.847053     6.796018     2.761167     5.516980      1
    3.847053     4.723777     3.152261     6.875090      1
    3.847053     3.592594     4.168687     9.817786      1
    3.847053     5.653937     2.881786     6.052418      1
    3.847053     7.071457     2.324531     4.686689      1
    3.847053     3.218435     4.350649     9.401477      1
    3.847053     5.631149     3.182289     6.822613      1
    2.920515     4.141624     0.689921     5.355282      2
    2.920515     5.235585     0.777246     3.951407      2
    2.920515     6.352691     1.673759     6.710292      2
    2.920515     5.294490     1.375007     5.152313      2
    2.920515     3.590615    -0.076976     3.916478      2
    2.920515     5.116523     1.274155     5.927752      2
    2.920515     7.452751     2.559391     8.331935      2
    2.920515     6.287904     0.886707     5.095287      2
    2.920515     4.731168     0.076079     3.270759      2
    2.920515     5.080283     0.221247     4.264235      2
    4.358315     5.887454     3.586686     5.407145      3
    4.358315     5.644952     3.431992     5.851000      3
    4.358315     5.508874     3.408733     5.270284      3
    4.358315     5.426730     2.824266     4.532317      3
    4.358315     6.340509     2.641444     4.002217      3
    4.358315     5.404475     2.889651     4.273346      3
    4.358315     4.853235     3.650588     5.805496      3
    4.358315     6.129755     2.630842     3.779285      3
    4.358315     4.887713     2.346828     4.248511      3
    4.358315     4.979264     2.028551     3.613637      3
    1.990287     4.886900    -0.706474     3.328821      4
    1.990287     4.562811     0.618453     4.704747      4
    1.990287     4.457113     0.332432     3.979138      4
    1.990287     4.695737     0.911704     5.225610      4
    1.990287     4.050084     1.611460     3.903090      4
    1.990287     4.019536    -0.346452     4.810154      4
    1.990287     4.641048     0.993726     5.341741      4
    1.990287     5.319775     0.091832     4.937026      4
    1.990287     5.316319     2.585253     5.240626      4
    1.990287     5.152641     0.860789     4.843278      4
    2.903343     5.203497     1.671297     6.004670      5
    2.903343     5.050010     1.138042     4.810953      5
    2.903343     6.311726     1.552417     4.816044      5
    2.903343     5.847863     1.121255     5.413241      5
    2.903343     4.503276     1.173009     5.835373      5
    2.903343     5.091352     0.727983     4.570910      5
    2.903343     5.584196     0.651317     3.237213      5
    2.903343     4.402935     2.880306     8.086552      5
    2.903343     5.220902     0.831606     4.458571      5
    2.903343     4.888201     2.263547     6.841119      5
    2.850100     3.586840     1.364538     4.674342      6
    2.850100     3.881296     1.602818     5.210041      6
    2.850100     2.935806     0.603100     3.531777      6
    2.850100     5.896822     1.858621     6.044453      6
    2.850100     5.171106     1.380840     5.685546      6
    2.850100     5.949990     2.272068     6.928716      6
    2.850100     6.261951     1.814656     6.586113      6
    2.850100     7.764235     2.370057     8.410086      6
    2.850100     7.122516     2.960750     8.425418      6
    2.850100     6.054443     1.586067     5.889336      6
    2.055723     1.925767     0.019205     3.981080      7
    2.055723     5.638208     1.566634     6.535499      7
    2.055723     2.921457    -0.375032     3.728860      7
    2.055723     4.088636     1.207922     5.362785      7
    2.055723     3.041739     0.512818     4.160446      7
    2.055723     3.863459     0.373486     4.514253      7
    2.055723     4.398946     0.826605     5.846998      7
    2.055723     3.845984     0.676051     5.365640      7
    2.055723     5.746800     1.265661     5.899067      7
    2.055723     4.103996     1.116257     5.087279      7
    2.516392     3.916289     2.042306     4.722212      8
    2.516392     5.777936     1.948582     5.759009      8
    2.516392     5.141970     0.922051     4.116425      8
    2.516392     4.390680     0.869969     4.301436      8
    2.516392     5.892832     1.911937     5.565899      8
    2.516392     5.319719     1.790578     4.445945      8
    2.516392     5.365060     1.586026     4.867771      8
    2.516392     5.173780     2.137501     5.481219      8
    2.516392     4.682454     1.328993     3.986744      8
    2.516392     3.657609     0.791156     3.559810      8
    2.844146     5.967826     1.286087     5.667053      9
    2.844146     6.241073     1.116893     6.621491      9
    2.844146     7.343961     2.093005     7.408693      9
    2.844146     4.487865     0.960562     4.823450      9
    2.844146     5.962699     1.271118     6.070360      9
    2.844146     7.457412     2.451757     7.972411      9
    2.844146     3.555338     0.337783     4.386197      9
    2.844146     8.023885     1.203875     7.106980      9
    2.844146     7.320082     2.467856     7.648972      9
    2.844146     3.497094     0.765623     4.333185      9
    3.170268     7.921981     1.244595     2.186713     10
    3.170268     7.148037     3.430599     7.419555     10
    3.170268     7.637975     2.201068     4.896551     10
    3.170268     7.516131     2.357266     4.725644     10
    3.170268     6.253912     3.517006     8.554104     10
    3.170268     6.916548     2.569015     5.790400     10
    3.170268     6.493908     3.203890     8.184624     10
    3.170268     7.101957     3.196542     8.178319     10
    3.170268     6.796616     2.557944     6.375455     10
    3.170268     7.583237     2.124826     4.841812     10
    3.731960     7.627509     3.528330     7.126637     11
    3.731960     6.935350     3.002338     6.733186     11
    3.731960     5.214157     2.459195     5.609497     11
    3.731960     6.422115     3.061887     5.869692     11
    3.731960    10.517538     4.043575     9.733803     11
    3.731960     9.616433     3.839209     8.540556     11
    3.731960     7.622366     2.721637     6.382972     11
    3.731960     8.502277     3.137990     7.215586     11
    3.731960    10.134503     4.341690     9.755758     11
    3.731960     8.129921     3.370958     7.006212     11
    2.205387     5.738481     1.451627     4.644198     12
    2.205387     5.143384     0.359448     2.152514     12
    2.205387     5.589397     0.472134     2.671225     12
    2.205387     5.085965     1.959166     5.627047     12
    2.205387     5.144407     0.724051     3.538772     12
    2.205387     5.745576    -1.063866     0.524375     12
    2.205387     5.384458     1.818549     5.297217     12
    2.205387     6.339170     0.049694     2.831937     12
    2.205387     5.480430     1.244356     5.645353     12
    2.205387     6.145033     2.097154     5.584816     12
    3.537062     7.144795     2.826099     7.658335     13
    3.537062     4.391149     1.518252     4.539220     13
    3.537062     1.102068     0.965196     2.826660     13
    3.537062     8.392076     2.814644     7.911370     13
    3.537062     8.308619     2.959946     7.973210     13
    3.537062     1.206170     0.940138     3.745660     13
    3.537062     3.497644     1.499420     4.782420     13
    3.537062    -0.305865     0.874373     2.411510     13
    3.537062    -0.059611     0.962930     2.680524     13
    3.537062     3.096684     1.270917     4.242381     13
    3.261518     4.488488     2.190989     6.235900     14
    3.261518     5.137804     2.534512     6.449398     14
    3.261518     4.663457     2.376937     6.713749     14
    3.261518     7.150485     3.512863     8.756366     14
    3.261518     5.575072     3.183080     7.890193     14
    3.261518     3.582350     1.914839     5.843002     14
    3.261518     5.766389     3.051374     7.354731     14
    3.261518     4.445832     1.910870     6.349433     14
    3.261518     6.800808     2.051178     7.043052     14
    3.261518     5.054464     2.141221     6.723623     14
    2.241787     5.646740     3.056715     7.053748     15
    2.241787     5.158946     2.204285     4.502077     15
    2.241787     5.583968     2.250228     6.312665     15
    2.241787     5.715863     2.962771     7.874568     15
    2.241787     5.398801     4.206471     9.153229     15
    2.241787     5.030521     1.970664     4.590067     15
    2.241787     5.420380     3.681442     8.304893     15
    2.241787     5.908170     2.636307     5.886505     15
    2.241787     4.803441     2.546752     6.207399     15
    2.241787     5.187569     1.869556     4.744784     15
    4.219423     6.067042     2.356770     4.123221     16
    4.219423     4.731516     1.201529     1.641156     16
    4.219423     7.600359     3.360132     7.096800     16
    4.219423     6.705530     2.957446     6.195331     16
    4.219423     6.500145     2.955526     6.553169     16
    4.219423     5.955649     2.320051     4.232266     16
    4.219423     6.983475     2.582074     5.070935     16
    4.219423     6.691352     3.300796     7.097258     16
    4.219423     6.893790     2.801821     5.858282     16
    4.219423     6.979731     3.782951     9.122260     16
    2.991860     4.820511     0.760891     4.274250     17
    2.991860     3.955554     1.589509     4.886237     17
    2.991860     4.519312     1.225607     4.366338     17
    2.991860     5.309862     0.965261     5.205939     17
    2.991860     4.792872     1.099299     5.308092     17
    2.991860     5.163009     1.019086     4.318683     17
    2.991860     4.601807     0.966716     4.203343     17
    2.991860     4.968611     2.307573     7.031104     17
    2.991860     5.394865     1.400368     4.498341     17
    2.991860     4.695837     1.449311     5.391252     17
    2.524156     5.315395     2.093488     5.107563     18
    2.524156     5.193579     2.524439     6.034587     18
    2.524156     4.936165     1.819416     3.669650     18
    2.524156     6.268266     1.973740     4.454152     18
    2.524156     5.643384     1.591942     3.882544     18
    2.524156     4.181036     2.596865     5.555682     18
    2.524156     4.367404     1.430572     3.354120     18
    2.524156     5.118605     1.748211     4.657558     18
    2.524156     4.913815     0.960602     2.370370     18
    2.524156     4.845217     1.902998     3.949642     18
    3.094317     6.497285     4.040409     6.435051     19
    3.094317     6.024809     4.108862     5.989999     19
    3.094317     5.436955     3.595930     5.363155     19
    3.094317     6.584328     3.920395     5.966156     19
    3.094317     3.568451     2.470230     3.582571     19
    3.094317     6.196582     4.159816     6.338550     19
    3.094317     4.985013     2.759376     4.804866     19
    3.094317     5.510760     3.785361     5.599785     19
    3.094317     6.590638     3.922635     6.457766     19
    3.094317     9.840710     5.949310    10.784184     19
    2.998318     6.985418     2.493789     6.046730     20
    2.998318     8.188572     3.702182     8.603107     20
    2.998318     6.755123     2.346979     5.393690     20
    2.998318     9.842363     4.117190     9.851920     20
    2.998318    10.220496     3.554290     9.267511     20
    2.998318     9.647351     3.363892     8.178753     20
    2.998318     7.124684     2.966389     7.083362     20
    2.998318     6.315625     2.431247     5.674865     20
    2.998318     7.204089     2.695921     6.029647     20
    2.998318     6.688154     2.512070     6.099875     20
    3.014770     6.461714     3.079030     6.285285     21
    3.014770     5.204820     2.659456     5.742737     21
    3.014770     6.594171     2.962081     6.043733     21
    3.014770     4.609478     2.192539     4.258312     21
    3.014770     3.602307     1.408917     3.636935     21
    3.014770     5.895062     2.858799     6.104120     21
    3.014770     5.856079     3.003823     6.761367     21
    3.014770     5.087992     2.267730     3.999885     21
    3.014770     2.525442     1.164067     1.383379     21
    3.014770     5.634811     2.698745     6.224699     21
    2.762688     5.379340     1.134400     2.876216     22
    2.762688     7.919602     3.168501     6.996547     22
    2.762688     5.691091     2.837970     6.077729     22
    2.762688     6.851426     2.851903     6.463650     22
    2.762688     5.485417     1.551003     4.694747     22
    2.762688     6.184245     1.406005     4.483303     22
    2.762688     5.988290     1.699762     4.083081     22
    2.762688     6.662981     2.815787     5.970160     22
    2.762688     5.005848     1.262357     5.002781     22
    2.762688     4.745500     1.574487     4.132303     22
    2.352072     8.028530     3.451221     7.281688     23
    2.352072     6.736401     2.725951     6.590312     23
    2.352072     4.138006    -0.083274     4.502677     23
    2.352072     7.102430     1.620545     6.706788     23
    2.352072     5.142166     1.649825     5.564101     23
    2.352072     4.780444     1.090940     5.411067     23
    2.352072     5.857395     2.611536     6.189739     23
    2.352072     5.354333     1.998291     5.726460     23
    2.352072     3.203581     0.254858     4.332437     23
    2.352072     4.482931     1.113486     5.270937     23
    3.634508     4.291593     2.786695     5.030355     24
    3.634508     5.249679     3.437228     6.115193     24
    3.634508     5.157954     2.963261     4.253412     24
    3.634508     5.658339     3.102880     5.984573     24
    3.634508     4.554648     2.560770     4.380484     24
    3.634508     4.562472     2.559908     4.420571     24
    3.634508     4.539791     3.248730     5.668025     24
    3.634508     4.593287     1.620599     4.194208     24
    3.634508     4.593934     2.683186     4.185518     24
    3.634508     4.875311     2.846176     5.376823     24
    2.958817     4.239724     0.917093     4.062563     25
    2.958817     5.410288     1.070011     4.198282     25
    2.958817     6.777836     1.780142     6.714266     25
    2.958817     4.475639     1.081573     4.004778     25
    2.958817     6.305571     2.462317     6.923684     25
    2.958817     4.491807     0.783703     4.272253     25
    2.958817     6.857760     2.081477     7.012199     25
    2.958817     4.865792     1.903195     5.690767     25
    2.958817     6.085717     1.678534     6.345279     25
    2.958817     4.474328     0.589079     3.674115     25
    3.249688     2.622226     2.565674     4.776445     26
    3.249688     4.419747     3.442511     5.220187     26
    3.249688     6.541342     3.998141     7.854884     26
    3.249688     3.500538     3.229084     5.608361     26
    3.249688     4.835617     3.600046     6.364689     26
    3.249688     8.190040     4.479535     9.784540     26
    3.249688     2.717682     2.162018     4.518313     26
    3.249688     6.156731     4.281828     8.309713     26
    3.249688     3.124866     2.429611     4.803160     26
    3.249688     4.773245     3.637842     6.425939     26
    1.927527     4.775547     1.767545     4.966781     27
    1.927527     4.151274     1.266117     3.674098     27
    1.927527     5.159454     2.022818     4.437806     27
    1.927527     4.126782     1.068986     3.576302     27
    1.927527     6.942322     2.928862     5.636204     27
    1.927527     5.246739     2.410958     4.787133     27
    1.927527     7.039320     2.633381     6.498623     27
    1.927527     4.646936     1.105803     2.901066     27
    1.927527     7.368197     2.717138     5.810957     27
    1.927527     5.480427     2.086271     4.825896     27
    2.423457     5.458205     2.292593     6.116459     28
    2.423457     3.860161     1.358851     3.812368     28
    2.423457     4.596638     2.109086     4.877751     28
    2.423457     5.828305     1.882179     5.270526     28
    2.423457     5.712026     2.439150     6.207651     28
    2.423457     3.525101     1.828044     4.164848     28
    2.423457     5.410347     2.384544     5.644573     28
    2.423457     5.152597     1.485192     4.539370     28
    2.423457     2.433186     0.294939     2.227386     28
    2.423457     4.546299     1.654563     5.229345     28
    2.567307     5.006944     1.100740     3.231229     29
    2.567307     6.248356     2.266907     6.504003     29
    2.567307     5.867758     3.033753     7.779375     29
    2.567307     5.833802     1.533786     4.992128     29
    2.567307     5.870159     1.206120     4.494454     29
    2.567307     5.378884     2.005579     6.179356     29
    2.567307     5.806418     2.270488     6.817116     29
    2.567307     6.704161     2.536700     7.115929     29
    2.567307     7.256910     3.478660     8.624849     29
    2.567307     4.905067     1.932722     5.412756     29
    3.459971     5.922162     1.709350     4.555724     30
    3.459971     7.279990     2.225048     6.436461     30
    3.459971     3.950222     0.643545     3.187566     30
    3.459971     3.699529     0.648351     3.368590     30
    3.459971     4.101887     0.994244     3.023740     30
    3.459971     5.061284     0.847024     3.036173     30
    3.459971     5.561416     1.057144     4.469635     30
    3.459971     5.833051     1.901454     5.343866     30
    3.459971     7.421509     2.079041     6.146313     30
    3.459971     4.681112     1.775270     5.186621     30
    2.933792     7.889538     2.082965     9.176120     31
    2.933792     5.562347     0.932003     7.193704     31
    2.933792     5.205759     0.835891     6.193758     31
    2.933792     5.922277     0.817583     5.931329     31
    2.933792     5.749355     0.662701     6.897825     31
    2.933792     8.218625     2.104878     9.937093     31
    2.933792     7.093437     1.360499     8.915725     31
    2.933792     4.072761     0.418019     5.628501     31
    2.933792     7.529696     1.974891    10.031469     31
    2.933792     5.685433     0.515018     6.368253     31
    3.382460     3.755952     0.712962     3.812163     32
    3.382460     6.612671     1.883484     6.546544     32
    3.382460     4.187544     1.298646     4.658726     32
    3.382460     4.109752     1.185833     4.690330     32
    3.382460    10.927293     3.181599     9.540068     32
    3.382460     7.881114     2.273531     8.262758     32
    3.382460     4.605809     1.079294     4.680143     32
    3.382460     7.941517     2.030462     7.268591     32
    3.382460     3.007979     0.499003     3.627355     32
    3.382460     4.213291     1.313884     4.244578     32
    1.809015     5.153124     1.859245     5.201749     33
    1.809015     4.801026     0.825103     4.001532     33
    1.809015     5.016343     1.076561     5.377364     33
    1.809015     3.443543     0.195470     4.024519     33
    1.809015     4.998545     1.680038     5.583355     33
    1.809015     4.427783     1.198854     4.990516     33
    1.809015     4.941215    -0.020978     3.179726     33
    1.809015     4.825753     0.289184     4.033687     33
    1.809015     5.912564     2.321229     6.690529     33
    1.809015     4.550838     0.596051     4.812531     33
    3.251309     5.070108     2.368944     6.060547     34
    3.251309     1.832548     1.511503     4.227515     34
    3.251309     5.662156     2.192205     6.321511     34
    3.251309     5.946968     2.641053     6.104701     34
    3.251309     2.361962     1.605442     4.397636     34
    3.251309     5.225390     2.812532     5.838927     34
    3.251309     0.259717     0.944776     2.207232     34
    3.251309     3.918519     2.225438     5.541425     34
    3.251309     5.429275     2.498820     6.139485     34
    3.251309     2.867806     2.049304     4.969983     34
    3.151127     5.455287     3.453958     6.608527     35
    3.151127     6.462775     3.307364     6.388956     35
    3.151127     6.142110     2.740075     5.961720     35
    3.151127     4.643222     1.844799     4.578454     35
    3.151127     5.662032     2.934754     6.217741     35
    3.151127     5.327221     1.877924     3.935393     35
    3.151127     5.628358     2.737178     5.824079     35
    3.151127     6.728088     2.359992     6.208484     35
    3.151127     6.582794     3.352389     6.277112     35
    3.151127     5.471629     2.885990     5.479613     35
    2.999482     6.656264     3.065380     5.841399     36
    2.999482     5.002731     3.124707     5.595618     36
    2.999482     5.758791     2.242292     5.378231     36
    2.999482     7.892069     3.752053     6.883546     36
    2.999482     5.593605     1.974671     3.757488     36
    2.999482     6.534727     2.949880     4.564053     36
    2.999482     6.713841     2.595330     5.024179     36
    2.999482     5.802892     2.615047     4.941878     36
    2.999482     5.811175     2.431130     5.037536     36
    2.999482     5.574061     2.715376     5.107464     36
    3.870343     5.106356     2.616785     4.578520     37
    3.870343     7.191582     2.846144     6.426988     37
    3.870343     7.863048     3.546317     7.937284     37
    3.870343     8.316960     3.628824     8.205708     37
    3.870343     6.149611     2.928177     5.527868     37
    3.870343    11.040583     4.364666    10.434041     37
    3.870343     4.960828     2.213136     4.463289     37
    3.870343     8.801846     3.475155     7.903369     37
    3.870343     6.454188     2.857325     6.401803     37
    3.870343     6.154027     2.583829     5.973445     37
    3.047654     4.000191     0.956561     3.901195     38
    3.047654     4.410279     1.759442     4.377824     38
    3.047654     5.270899     1.239181     4.550255     38
    3.047654     4.884025     1.831114     4.269943     38
    3.047654     4.583368     1.322368     4.676681     38
    3.047654     7.076673     3.117742     6.256839     38
    3.047654     6.064992     3.036223     5.639804     38
    3.047654     4.090978     1.685324     4.109277     38
    3.047654     7.009258     2.101713     5.762873     38
    3.047654     4.003637     1.064627     3.964283     38
    3.852854     5.052718     4.046295     6.411947     39
    3.852854     5.004330     4.403428     6.284618     39
    3.852854     7.853055     5.728412    11.000977     39
    3.852854     4.917022     4.145400     6.027922     39
    3.852854     8.411679     5.155419     9.501494     39
    3.852854     6.125795     4.563726     7.144707     39
    3.852854     4.736835     3.918097     5.053552     39
    3.852854     7.644902     4.638619     9.453676     39
    3.852854     6.778049     4.514812     7.819336     39
    3.852854     3.616155     3.853417     4.615534     39
    3.082270     5.616062     2.466699     5.060276     40
    3.082270     4.738772     3.034660     7.806690     40
    3.082270     5.383097     3.725663     9.500197     40
    3.082270     5.108942     2.909681     7.631004     40
    3.082270     4.292213     2.584836     6.689658     40
    3.082270     4.896704     2.332601     5.533443     40
    3.082270     6.041627     2.920366     5.907335     40
    3.082270     5.388045     2.849272     5.758912     40
    3.082270     5.120499     2.473151     5.307766     40
    3.082270     5.304129     1.868965     4.747148     40
    3.350465     6.739932     3.146632     4.962565     41
    3.350465     6.629570     2.610814     4.079342     41
    3.350465     6.279274     4.274875     7.271808     41
    3.350465     5.402886     2.219377     3.473292     41
    3.350465     5.154209     2.405803     3.941507     41
    3.350465     5.566527     3.296169     4.511909     41
    3.350465     6.909441     3.544868     5.507814     41
    3.350465     6.589694     3.483751     6.473412     41
    3.350465     6.254309     1.699147     2.058704     41
    3.350465     6.387320     3.500970     6.106408     41
    2.918522     6.991768     1.839403     4.744872     42
    2.918522     6.534159     0.884989     3.979376     42
    2.918522     4.489445     2.538755     4.639788     42
    2.918522     5.279550     3.182607     6.476910     42
    2.918522     5.823593     2.400682     5.012574     42
    2.918522     6.044275     1.932818     4.576640     42
    2.918522     6.768757     2.006571     4.794772     42
    2.918522     5.507298     2.388626     5.080407     42
    2.918522     6.744988     2.043611     4.123812     42
    2.918522     5.762748     0.649496     2.269898     42
    2.644694     6.353726     1.477130     4.787027     43
    2.644694     7.326775     3.514157     8.213664     43
    2.644694     8.329953     3.672741     9.014579     43
    2.644694     6.795701     1.803668     3.254496     43
    2.644694     6.709639     3.025025     6.912247     43
    2.644694     7.884340     4.126003     9.302075     43
    2.644694     7.234919     3.867609     9.823139     43
    2.644694     8.237944     3.617038     8.306814     43
    2.644694     7.639197     3.274114     8.107250     43
    2.644694     5.636295     2.027618     6.113935     43
    2.427445     5.360908     1.190466     4.927923     44
    2.427445     3.688926    -0.208482     3.671833     44
    2.427445     3.864558    -0.001031     3.977143     44
    2.427445     4.403209    -0.451609     3.499222     44
    2.427445     5.127852     0.552436     4.847319     44
    2.427445     6.334584     1.271134     4.876153     44
    2.427445     5.062441    -0.097708     4.637748     44
    2.427445     5.003772     0.405656     5.019813     44
    2.427445     4.338056     0.080991     3.140652     44
    2.427445     3.477887    -0.249073     3.947667     44
    2.466291     6.366263     3.154451     4.521016     45
    2.466291     7.394071     3.130873     5.747410     45
    2.466291     5.950190     2.425362     4.066282     45
    2.466291     8.438092     3.555880     5.802770     45
    2.466291     6.210859     3.127457     5.088104     45
    2.466291     6.466476     3.780259     5.135652     45
    2.466291     5.366079     3.585814     4.680761     45
    2.466291     5.454711     3.172796     4.399432     45
    2.466291     6.119507     3.316370     4.708861     45
    2.466291     6.561886     2.652203     4.826231     45
    3.682224     8.149124     3.118292     6.929713     46
    3.682224     6.193154     2.985352     6.365642     46
    3.682224     9.833246     4.072149     9.386818     46
    3.682224     6.609373     2.749682     5.121606     46
    3.682224    10.071353     3.711721     9.382480     46
    3.682224     8.494834     3.483828     7.708257     46
    3.682224     2.564370     0.737651     1.816512     46
    3.682224     9.658664     3.533899     7.955736     46
    3.682224     7.468355     3.011989     6.629285     46
    3.682224    11.152838     4.290133     9.703685     46
    3.074716     4.977678     2.410897     6.351525     47
    3.074716     5.851184     2.279595     6.319163     47
    3.074716     5.703265     2.660870     6.396387     47
    3.074716     5.097426     2.120389     5.299089     47
    3.074716     4.936025     1.717278     4.138442     47
    3.074716     5.803159     3.783056     8.488287     47
    3.074716     5.000627     2.459408     5.641899     47
    3.074716     4.987324     3.322037     7.695446     47
    3.074716     6.009358     2.267125     5.043902     47
    3.074716     5.094497     1.885387     5.552713     47
    2.043097     7.798609     0.970981     6.495234     48
    2.043097     6.897517     0.966061     6.054653     48
    2.043097     5.690825     0.289737     5.116749     48
    2.043097     7.506822     1.039375     6.734115     48
    2.043097     6.780748     0.401004     5.791468     48
    2.043097     6.129686     0.633145     5.857565     48
    2.043097     4.820928    -0.474913     3.029739     48
    2.043097     5.027053     0.067372     3.368746     48
    2.043097     7.465596     1.170134     6.422945     48
    2.043097     5.756809     0.152355     3.743681     48
    3.248806     6.489918     1.818932     5.329787     49
    3.248806     7.064372     1.764112     6.211062     49
    3.248806     5.386981     1.114168     3.662609     49
    3.248806     6.147606     1.345145     4.530603     49
    3.248806     8.450011     2.834370     7.325936     49
    3.248806     8.959871     2.304376     6.744751     49
    3.248806     7.183103     2.255532     6.603118     49
    3.248806     6.739934     2.286873     6.231702     49
    3.248806     7.476295     2.749910     6.966486     49
    3.248806     6.962757     1.967556     6.143023     49
    2.900728     5.289838     2.175736     4.434397     50
    2.900728     6.016160     2.216267     4.568033     50
    2.900728     5.535072     2.060440     4.027969     50
    2.900728     5.911878     2.298240     3.739890     50
    2.900728     3.878814     1.033555     2.474034     50
    2.900728     4.875106     1.965871     3.652347     50
    2.900728     7.410996     2.966402     6.619654     50
    2.900728     6.694741     2.278962     5.583801     50
    2.900728     6.328189     2.432636     4.800251     50
    2.900728     5.602674     1.654693     4.342090     50
    2.966437     5.821693     1.418712     4.767370     51
    2.966437     4.382852     2.031604     5.268013     51
    2.966437     6.352604     2.351462     6.990012     51
    2.966437     4.778399     1.445175     4.207577     51
    2.966437     5.407253     1.794833     4.445221     51
    2.966437     3.549393     0.550960     1.919712     51
    2.966437     6.440546     3.475188     9.696687     51
    2.966437     5.825507     2.617560     8.195262     51
    2.966437     6.757190     3.469493     9.133621     51
    2.966437     6.347699     1.936045     5.919339     51
    2.577952     5.937466     1.996547     6.194522     52
    2.577952     3.330335     0.981972     4.754132     52
    2.577952     2.758408     0.814108     4.693900     52
    2.577952     4.248890     1.131780     5.623943     52
    2.577952     5.274230     1.453305     6.940475     52
    2.577952     5.091502     0.966442     5.827585     52
    2.577952     2.230551    -0.133969     3.090929     52
    2.577952     3.867028     1.318708     4.868318     52
    2.577952     2.694270     0.582447     3.867525     52
    2.577952     3.587390     0.707950     4.504737     52
    4.583601     9.884657     2.894584     9.402790     53
    4.583601     8.590120     2.270476     7.725330     53
    4.583601     9.317050     2.254534     8.598190     53
    4.583601     3.042299     0.742291     3.883583     53
    4.583601     6.196305     1.519758     5.588793     53
    4.583601     7.396702     1.755463     6.249537     53
    4.583601     6.844487     1.345300     7.218669     53
    4.583601     2.653604     0.600960     2.287344     53
    4.583601     9.075910     2.159493     8.228760     53
    4.583601     3.613601     0.834370     3.099295     53
    1.801868     4.663730     1.492076     4.562593     54
    1.801868     5.292611     0.492018     3.506944     54
    1.801868     5.540229     1.286917     4.002924     54
    1.801868     5.176064     1.143982     4.681929     54
    1.801868     4.595536     2.213570     6.040734     54
    1.801868     5.302087     1.415307     4.299516     54
    1.801868     3.837697     1.031515     4.439146     54
    1.801868     5.658532     0.851644     4.126885     54
    1.801868     4.545503     0.319162     4.329245     54
    1.801868     4.849439     1.864103     4.831957     54
    3.295247     5.077000     1.605006     5.207553     55
    3.295247     4.512402     1.963857     5.095688     55
    3.295247     4.506645     2.560415     6.047149     55
    3.295247     4.034585     1.965741     5.430501     55
    3.295247     4.498864     2.279204     5.446294     55
    3.295247     4.958419     1.923973     4.552212     55
    3.295247     5.528864     1.248122     4.170804     55
    3.295247     3.516737     2.135155     5.805985     55
    3.295247     5.228037     1.427854     4.876881     55
    3.295247     4.261491     1.153442     5.014254     55
    2.903399     7.021013     2.141122     5.865731     56
    2.903399     6.729501     1.757643     4.901635     56
    2.903399     6.947320     2.042206     5.162061     56
    2.903399     7.995833     3.052484     7.739060     56
    2.903399     8.284687     2.947672     7.069893     56
    2.903399     6.969489     2.150101     6.179408     56
    2.903399     7.499875     2.450568     5.927389     56
    2.903399     8.762515     2.607711     7.197271     56
    2.903399     5.385812     0.994599     3.277398     56
    2.903399     4.907377     0.244694     1.479637     56
    3.303514     4.041545     2.926732     4.026941     57
    3.303514     6.011098     3.438783     8.005220     57
    3.303514     4.438289     2.626965     4.384719     57
    3.303514     5.616659     3.879241     8.497204     57
    3.303514     4.837937     2.763123     4.248634     57
    3.303514     5.745387     3.897021     8.170786     57
    3.303514     6.637793     3.456990     6.912759     57
    3.303514     4.811613     3.550564     8.057506     57
    3.303514     5.601233     3.203477     5.858685     57
    3.303514     7.268878     4.386006     9.260109     57
    2.814543     5.288030     3.342716     6.297435     58
    2.814543     5.781845     1.898124     3.537614     58
    2.814543     6.979746     3.512332     7.208118     58
    2.814543     6.151506     2.638262     3.518364     58
    2.814543     5.211053     2.220914     3.505660     58
    2.814543     4.528831     0.778799     1.771722     58
    2.814543     4.779581     1.925098     4.134909     58
    2.814543     5.532925     2.103081     4.566181     58
    2.814543     5.885533     1.763600     2.920318     58
    2.814543     5.926320     2.786069     5.010502     58
    2.299824     3.463812     2.484011     7.040131     59
    2.299824     3.328957     1.615990     5.892208     59
    2.299824     4.490920     2.560048     6.784801     59
    2.299824     3.554032     1.262756     5.245491     59
    2.299824     3.906569     1.660695     6.117978     59
    2.299824     2.253015     1.230128     4.943937     59
    2.299824     2.813154     0.865345     4.513047     59
    2.299824     3.207395     1.349761     5.083291     59
    2.299824     3.523157     1.512291     5.700646     59
    2.299824     3.641263     1.517902     5.791438     59
    2.977120     5.534682     0.003935     4.990165     60
    2.977120     4.253409    -0.229582     3.992937     60
    2.977120     5.921050     0.659359     5.578526     60
    2.977120     6.173848     1.539469     7.730271     60
    2.977120     8.634864     2.582315     9.812666     60
    2.977120     4.050798     0.697856     4.877477     60
    2.977120     5.413387    -0.015079     4.513827     60
    2.977120     3.664796    -0.132818     3.950675     60
    2.977120     3.901821    -0.486808     4.071655     60
    2.977120     7.031412     1.033297     7.115594     60
    1.643150     3.875890     1.598871     5.585012     61
    1.643150     2.548427    -1.295889     3.198528     61
    1.643150     2.011324    -0.109117     2.992361     61
    1.643150     3.235321     0.698641     4.061007     61
    1.643150     2.682448     0.433595     4.639168     61
    1.643150     2.922827     0.437876     3.936001     61
    1.643150     3.984682    -0.103266     3.796170     61
    1.643150     2.798292    -0.641106     3.116211     61
    1.643150     3.190459    -0.110893     4.360079     61
    1.643150     3.059638     0.064535     4.146409     61
    2.575882     4.605524     2.738668     5.549517     62
    2.575882     3.914545    -0.027654     1.785363     62
    2.575882     3.932179     1.773995     5.521975     62
    2.575882     4.957614     0.758928     4.211946     62
    2.575882     4.829745     0.873851     4.655754     62
    2.575882     5.303675     1.689962     5.682427     62
    2.575882     4.410399     1.855699     4.705072     62
    2.575882     4.827335     0.559805     3.472137     62
    2.575882     4.768778     0.782308     4.584873     62
    2.575882     4.341106     0.553012     3.124617     62
    2.861930     3.557232     0.478778     3.476524     63
    2.861930     5.714513     1.694215     4.719617     63
    2.861930     4.041524     1.045587     3.901135     63
    2.861930     5.164566     1.420061     4.597246     63
    2.861930     4.946926     1.673041     5.158983     63
    2.861930     3.628510     1.340770     3.634531     63
    2.861930     3.459706     0.853216     3.609248     63
    2.861930     3.212304     0.675807     3.441736     63
    2.861930     8.673034     2.724346     5.518744     63
    2.861930     5.963138     2.598869     3.916749     63
    4.392192     2.817083     1.644597     2.349295     64
    4.392192     6.244798     2.351438     4.396309     64
    4.392192     6.676521     2.786303     5.827642     64
    4.392192     3.719951     1.891958     3.113402     64
    4.392192     5.288045     2.578429     4.312073     64
    4.392192     9.079275     3.972375     8.490104     64
    4.392192     7.257626     2.908393     6.604845     64
    4.392192     2.006807     1.030182     0.658680     64
    4.392192     7.093842     2.583974     5.766941     64
    4.392192     4.795742     2.167655     4.143074     64
    3.040715     4.427058     1.505868     4.805939     65
    3.040715     6.483882     2.113598     6.934985     65
    3.040715     2.640013     1.463815     4.113683     65
    3.040715     6.812261     2.167005     7.440458     65
    3.040715     6.789109     2.111143     6.980152     65
    3.040715     4.948088     1.747984     5.142361     65
    3.040715     5.769368     2.014417     6.238931     65
    3.040715     5.599413     1.848799     6.555367     65
    3.040715     6.198719     1.954091     6.704578     65
    3.040715     5.026366     1.800968     6.142642     65
    3.626061     3.194279     3.119352     4.280567     66
    3.626061     8.268472     3.873971     7.489952     66
    3.626061     3.032021     2.498094     3.629588     66
    3.626061     4.189039     2.971179     4.405526     66
    3.626061     4.353155     3.392584     5.335625     66
    3.626061     6.211789     4.139268     5.736400     66
    3.626061     1.931732     2.553928     3.955598     66
    3.626061     2.192231     2.215607     4.005308     66
    3.626061     3.506652     2.532614     4.903973     66
    3.626061     6.289622     3.385670     5.531964     66
    4.090682     7.197532     3.890922     9.166743     67
    4.090682     9.918635     5.162388    13.954772     67
    4.090682     4.545594     1.808799     3.332201     67
    4.090682     7.837697     4.271196     9.723396     67
    4.090682     7.048602     3.154155     7.353505     67
    4.090682     4.732108     3.151464     6.239056     67
    4.090682     5.895625     2.616016     5.707668     67
    4.090682     7.585157     3.675134     9.394707     67
    4.090682     5.054037     2.221690     4.160764     67
    4.090682     9.840314     4.482027    11.882632     67
    2.914908     4.955444     3.162845     6.798523     68
    2.914908     3.532188     2.073820     5.230657     68
    2.914908     4.270100     1.609563     4.420227     68
    2.914908     4.450216     2.409033     5.127969     68
    2.914908     4.598046     2.797089     6.259582     68
    2.914908     5.039671     2.060941     4.277629     68
    2.914908     5.049943     2.906037     6.085163     68
    2.914908     5.472473     1.505386     3.304953     68
    2.914908     5.992298     2.157532     4.261919     68
    2.914908     5.812026     1.552400     3.813257     68
    3.919304    13.192631     4.423098    11.738969     69
    3.919304     9.253188     3.702333     8.160569     69
    3.919304     9.500826     3.235226     7.320355     69
    3.919304     8.231395     3.601773     7.221695     69
    3.919304     6.808391     3.005492     6.080330     69
    3.919304     7.278581     2.995128     6.543429     69
    3.919304     5.782703     2.792214     4.880820     69
    3.919304     1.813993     1.595895     2.431375     69
    3.919304    10.637123     3.993950     9.743541     69
    3.919304     8.143961     3.325948     7.302171     69
    3.453941     4.180657     2.336992     4.703620     70
    3.453941     2.976588     1.569961     3.626987     70
    3.453941     4.587875     2.216519     4.526165     70
    3.453941     6.142665     3.781229     7.859555     70
    3.453941     4.969705     2.686147     5.324270     70
    3.453941     3.806173     2.085417     3.237740     70
    3.453941     5.323355     2.710113     5.514534     70
    3.453941     4.470142     1.279302     3.390859     70
    3.453941     5.580706     3.346981     6.665195     70
    3.453941     5.401769     3.875686     7.580306     70
    3.839131     4.274845     0.331957     4.352313     71
    3.839131     5.974836     1.548563     7.323252     71
    3.839131     4.925510     1.371534     6.630322     71
    3.839131     4.064108     0.322205     4.490653     71
    3.839131     3.176823    -0.092789     3.202893     71
    3.839131     4.874416     0.876352     5.946272     71
    3.839131     3.468666     0.000990     3.353742     71
    3.839131     5.129633     1.284515     6.709185     71
    3.839131     3.219666    -0.698659     2.576348     71
    3.839131     4.349812     0.806131     5.512498     71
    3.462192     7.335288     3.542878     7.480877     72
    3.462192     3.385669     1.693159     3.482425     72
    3.462192     4.696760     1.949734     3.940988     72
    3.462192     4.186691     2.429749     5.258280     72
    3.462192     5.968007     2.652384     6.791530     72
    3.462192     5.827445     3.390168     7.135905     72
    3.462192     6.068767     3.235542     6.162070     72
    3.462192     3.489651     1.191108     3.422324     72
    3.462192     4.816540     2.323029     5.386487     72
    3.462192     2.911126     1.454483     3.113522     72
    3.153496     7.429950     1.596650     6.450397     73
    3.153496     8.351091     2.085271     7.148554     73
    3.153496     5.364568     0.536454     3.787799     73
    3.153496     5.666769     1.218350     5.203513     73
    3.153496     4.648693    -0.113427     1.963937     73
    3.153496     7.317588     2.384820     8.403102     73
    3.153496     4.478870     0.490345     3.613067     73
    3.153496     7.020590     1.609740     6.604942     73
    3.153496     6.233206     1.469875     5.188496     73
    3.153496     7.357611     1.847589     5.501054     73
    3.175608     6.185219     2.104417     7.212279     74
    3.175608     5.094817     1.348649     5.586536     74
    3.175608     5.322295     0.983672     4.766869     74
    3.175608     6.510398     2.030227     7.406242     74
    3.175608     6.078307     1.709821     6.538954     74
    3.175608     3.461576     0.201901     1.840858     74
    3.175608     7.127571     2.383125     8.349131     74
    3.175608     5.790973     1.387556     4.752267     74
    3.175608     4.395134     0.804170     4.209827     74
    3.175608     4.818294     1.667267     5.676315     74
    3.602984     4.255259     1.925438     4.925662     75
    3.602984     5.916387     1.988757     5.259726     75
    3.602984     4.909238     2.018741     4.949165     75
    3.602984     3.921773     2.446316     4.328133     75
    3.602984     5.094240     2.233657     4.952104     75
    3.602984     4.600701     1.558818     4.456281     75
    3.602984     5.548606     1.747118     4.362334     75
    3.602984     4.010963     0.721692     4.334947     75
    3.602984     5.080104     2.379700     5.197759     75
    3.602984     5.800712     2.130481     4.888305     75
    2.791560     4.621851     0.217836     4.347844     76
    2.791560     3.293497     0.178764     2.612920     76
    2.791560     3.968525     0.333564     3.675806     76
    2.791560     2.165516     0.012334     2.673201     76
    2.791560     3.731036     0.341518     3.275540     76
    2.791560     2.425521    -0.440442     3.157831     76
    2.791560     2.106165    -1.472605     2.037039     76
    2.791560     2.891654    -0.264505     3.201357     76
    2.791560     6.334519     0.134816     4.651595     76
    2.791560     2.350288     0.033126     2.875936     76
    2.168868     5.224640     1.358996     5.509258     77
    2.168868     4.545930     1.280907     5.985159     77
    2.168868     5.775770     1.520816     5.481765     77
    2.168868     6.514792     0.836095     4.157508     77
    2.168868     5.127410     1.876910     6.001337     77
    2.168868     5.040296     2.095374     6.945158     77
    2.168868     5.420362     1.235566     4.970314     77
    2.168868     5.792746     0.986222     4.666432     77
    2.168868     5.801865     2.418457     6.919615     77
    2.168868     5.875092     1.121949     6.148406     77
    3.067990     6.014231     2.922919     7.731222     78
    3.067990     5.262036     2.176186     4.504728     78
    3.067990     4.427603     1.580581     3.686137     78
    3.067990     4.567242     3.053135     7.062141     78
    3.067990     5.528015     3.050632     6.981184     78
    3.067990     4.601813     3.448532     6.465272     78
    3.067990     5.098018     2.993627     6.703609     78
    3.067990     4.662926     2.044853     4.554500     78
    3.067990     4.252241     2.167510     4.683363     78
    3.067990     4.671153     2.784835     6.102396     78
    2.208556     4.174027     1.655570     3.894319     79
    2.208556     7.469766     3.390883     6.907692     79
    2.208556     5.486565     1.726562     5.033975     79
    2.208556     5.306346     1.892466     4.856146     79
    2.208556     5.568183     2.448827     5.225165     79
    2.208556     8.834127     3.783911     7.659775     79
    2.208556     5.379657     2.072406     4.888020     79
    2.208556     4.601075     1.449751     4.337579     79
    2.208556     6.532346     3.336908     6.423942     79
    2.208556     6.902279     2.884659     6.572050     79
    2.185620     4.695461    -0.668931     3.735029     80
    2.185620     4.240417    -0.266311     3.964997     80
    2.185620     5.652183    -0.109376     4.991133     80
    2.185620     4.296020    -0.737541     3.742252     80
    2.185620     3.776299    -1.192052     3.491509     80
    2.185620     5.001201     0.095031     5.620342     80
    2.185620     4.920524     0.288857     5.438839     80
    2.185620     5.127057     0.428822     5.963970     80
    2.185620     4.811401     0.148533     4.779285     80
    2.185620     4.076999     0.356104     5.828192     80
    3.783733     5.824498     1.937606     3.692151     81
    3.783733     7.554056     3.145676     7.809936     81
    3.783733     6.992028     3.366648     8.421782     81
    3.783733     8.087096     3.511589     8.841941     81
    3.783733     5.910984     2.727542     5.983882     81
    3.783733     5.564855     2.471362     5.049906     81
    3.783733     7.242587     3.487208     8.685859     81
    3.783733     8.202681     3.042423     7.651349     81
    3.783733     7.419149     2.895777     6.978282     81
    3.783733     5.206520     2.268545     5.090641     81
    2.243474     4.672345     0.299118     2.982311     82
    2.243474     5.139479     0.499728     4.003549     82
    2.243474     5.151835     0.597138     4.016101     82
    2.243474     5.923546     0.918884     4.014486     82
    2.243474     3.756534    -1.075823     2.354143     82
    2.243474     5.172977     0.801069     4.861275     82
    2.243474     5.949907     1.228087     4.273646     82
    2.243474     4.906713     0.666720     4.234847     82
    2.243474     4.356830    -0.063965     2.937620     82
    2.243474     5.313971     0.644884     3.639783     82
    2.969012     6.739932     2.876166     6.138858     83
    2.969012     4.155035     2.318529     4.295156     83
    2.969012     6.431010     2.209852     5.748334     83
    2.969012     5.625386     2.430428     4.749276     83
    2.969012     5.744839     2.059234     4.856464     83
    2.969012     3.336159     0.683716     2.458858     83
    2.969012     7.882562     2.670656     6.390680     83
    2.969012     3.166757     0.539773     2.138273     83
    2.969012     5.269480     1.610935     4.180225     83
    2.969012     3.134136    -0.226553     2.181739     83
    3.188913     6.529027     1.379968     4.962773     84
    3.188913     7.638036     1.766837     6.133256     84
    3.188913     7.977020     1.660224     6.933377     84
    3.188913     4.851315     0.662188     2.898307     84
    3.188913     7.244511     1.215141     5.654905     84
    3.188913     7.486554     1.606009     6.389685     84
    3.188913     9.328668     1.891128     8.080945     84
    3.188913     4.827104     0.886322     3.734221     84
    3.188913     6.918557     1.829674     6.006466     84
    3.188913     7.380411     0.692870     5.085542     84
    3.791409     7.368394     4.131166     8.975066     85
    3.791409     5.228089     3.314018     5.852013     85
    3.791409     4.810089     2.769471     4.297131     85
    3.791409     5.118531     3.043772     5.876194     85
    3.791409     6.214132     3.300027     6.610478     85
    3.791409     5.993537     4.068907     7.640144     85
    3.791409     5.776663     3.196950     5.022704     85
    3.791409     5.122220     3.120723     5.217823     85
    3.791409     6.505309     3.855753     7.404116     85
    3.791409     2.674428     1.900275     2.278162     85
    3.484775     6.584401     2.698604     3.373735     86
    3.484775     6.426225     1.415641     4.260053     86
    3.484775     6.332506     1.489806     4.387760     86
    3.484775     4.761693     1.217505     2.871339     86
    3.484775     5.852830     1.351894     3.414198     86
    3.484775     6.787098     1.950073     3.475218     86
    3.484775     4.732300     1.556357     4.167794     86
    3.484775     6.831706     1.888514     4.514252     86
    3.484775     6.074956     2.943700     4.243987     86
    3.484775     6.179286     0.920060     2.597567     86
    2.891672     4.592615     2.914880     4.841741     87
    2.891672     5.100114     3.087686     4.406051     87
    2.891672     4.915827     3.128553     5.346753     87
    2.891672     5.403709     3.042909     4.552654     87
    2.891672     4.125774     3.105056     6.008842     87
    2.891672     5.037951     3.017079     4.689776     87
    2.891672     4.048966     2.940826     4.627254     87
    2.891672     5.141154     3.808142     6.415608     87
    2.891672     5.062106     3.182240     4.832352     87
    2.891672     4.639577     2.575402     3.697822     87
    3.982058     5.458976     2.487445     5.437901     88
    3.982058     5.051080     2.513143     6.001471     88
    3.982058     5.319306     2.708147     5.029580     88
    3.982058     4.649024     2.851594     6.189042     88
    3.982058     6.167788     3.064511     6.515395     88
    3.982058     6.391166     2.025283     4.325832     88
    3.982058     6.110628     1.604030     3.140018     88
    3.982058     4.464534     3.975054     8.568308     88
    3.982058     5.755380     2.435807     4.585755     88
    3.982058     4.750191     3.773892     8.335862     88
    2.070329     4.891424    -1.327918     4.134075     89
    2.070329     4.263513    -2.070250     3.490672     89
    2.070329     4.283068    -1.770362     3.614917     89
    2.070329     7.241114    -0.870640     5.747793     89
    2.070329     5.222370    -1.967918     3.158671     89
    2.070329     6.907221    -0.345112     6.551732     89
    2.070329     5.618721    -0.939130     4.638309     89
    2.070329     4.909855    -1.683087     4.574281     89
    2.070329     5.372994    -1.667186     4.988632     89
    2.070329     4.395764    -1.746547     3.415573     89
    3.071423     5.848129     1.660105     5.084060     90
    3.071423     4.948260     2.439643     5.642313     90
    3.071423     4.173254     2.329022     5.369595     90
    3.071423     4.532396     2.609624     4.857310     90
    3.071423     5.578607     1.837708     4.564474     90
    3.071423     5.480864     0.987795     3.228468     90
    3.071423     5.237532     2.274010     5.566891     90
    3.071423     4.692761     1.556879     4.600478     90
    3.071423     5.488283     1.258713     4.551558     90
    3.071423     5.844291     0.614930     3.312709     90
    2.592864     3.783422    -0.674897     3.664782     91
    2.592864     8.396329     0.820239     6.426650     91
    2.592864     8.574752     0.829004     6.358289     91
    2.592864     6.563214     0.522708     5.011207     91
    2.592864     3.416456    -0.479657     3.145646     91
    2.592864     6.348204     0.197939     4.928242     91
    2.592864     2.762295    -0.543743     2.944316     91
    2.592864     5.772121     0.061563     4.595496     91
    2.592864     4.449927    -0.803385     3.581857     91
    2.592864     9.480649     1.070763     6.460542     91
    2.704377     7.070142     1.806889     5.556427     92
    2.704377     6.577900     1.532227     4.957277     92
    2.704377     6.441433     2.055160     4.963805     92
    2.704377     5.932759     2.295457     6.929433     92
    2.704377     6.072100     1.887551     5.469179     92
    2.704377     7.577652     1.949051     5.835671     92
    2.704377     6.568189     2.743969     6.490313     92
    2.704377     6.836824     2.191923     5.695885     92
    2.704377     6.192520     1.866847     5.122666     92
    2.704377     6.192434     2.143394     5.669707     92
    3.144473     1.497718     1.879155     2.191585     93
    3.144473     5.182416     3.500161     6.232311     93
    3.144473     5.965883     3.823899     6.748842     93
    3.144473     7.153123     3.500843     6.063026     93
    3.144473     6.153059     3.492523     6.649390     93
    3.144473     5.858351     3.263134     5.770610     93
    3.144473    10.048874     5.164855     9.768247     93
    3.144473     5.263012     2.859473     5.240542     93
    3.144473     2.304342     2.224351     2.550469     93
    3.144473     5.739673     3.636218     6.546621     93
    2.815370     3.959959     2.068201     4.818678     94
    2.815370     5.194194     3.186152     5.811941     94
    2.815370     3.048383     2.029213     4.653680     94
    2.815370     6.134076     3.536882     6.440609     94
    2.815370     5.078117     3.526556     5.826804     94
    2.815370     7.106792     3.462020     6.449318     94
    2.815370     3.177635     2.186692     4.811966     94
    2.815370     4.132242     2.347592     5.222273     94
    2.815370     6.711269     3.350042     7.080504     94
    2.815370     2.582588     2.283113     4.374690     94
    3.267586     7.738333     4.238449     9.259365     95
    3.267586     6.911998     3.104955     6.232782     95
    3.267586     5.811539     3.421426     6.614950     95
    3.267586     7.486148     3.965103     8.422122     95
    3.267586     6.534356     4.168884     8.578273     95
    3.267586     6.681419     3.303591     7.447287     95
    3.267586     7.308700     4.166947     9.204361     95
    3.267586     6.758504     4.337720     9.043775     95
    3.267586     6.951844     4.041410     7.963455     95
    3.267586     6.328821     3.351671     6.028129     95
    3.051285     1.033258     1.255646    -0.271299     96
    3.051285     3.312123     3.104152     3.534189     96
    3.051285     5.202143     4.111638     6.110221     96
    3.051285     7.355376     4.425569     7.888216     96
    3.051285     4.323559     3.393702     4.147340     96
    3.051285     6.288034     3.927186     6.348343     96
    3.051285     5.781829     4.125710     6.511119     96
    3.051285     6.447983     4.697525     7.682731     96
    3.051285     6.068536     3.710693     5.572625     96
    3.051285     6.847916     4.482571     7.017809     96
    3.283013     5.781743     1.762801     4.595147     97
    3.283013     8.267004     2.793536     6.746902     97
    3.283013     3.119901     1.233846     2.932701     97
    3.283013     6.449884     2.538766     6.076739     97
    3.283013     5.635855     1.839881     4.777034     97
    3.283013     7.186829     2.255154     5.767141     97
    3.283013     1.541472     0.733742     2.117576     97
    3.283013     7.644978     2.677094     5.954461     97
    3.283013     3.618011     1.910298     3.845824     97
    3.283013     7.478599     2.570117     6.524859     97
    3.715952     6.775426     3.233084     7.826653     98
    3.715952     5.509553     2.123014     4.194112     98
    3.715952     4.072992     2.409794     4.564314     98
    3.715952     5.701112     3.419029     7.665221     98
    3.715952     5.665647     2.987894     6.077999     98
    3.715952     4.780891     2.325273     4.682397     98
    3.715952     6.155595     2.578104     5.775932     98
    3.715952     6.630167     2.434040     5.575871     98
    3.715952     6.623265     3.385571     7.738432     98
    3.715952     5.594028     2.511922     4.835856     98
    2.724394     4.116707     2.086020     4.485660     99
    2.724394     3.724176     1.453830     4.100830     99
    2.724394     6.486956     2.891588     6.399658     99
    2.724394     4.002045     2.017438     5.077344     99
    2.724394     3.520208     1.192678     3.549933     99
    2.724394     5.595753     2.374479     4.921412     99
    2.724394     5.835346     1.463602     5.852315     99
    2.724394     6.946335     2.463025     6.902280     99
    2.724394     3.817833     1.735305     3.327737     99
    2.724394     5.495695     2.770382     5.937108     99
    4.404887     3.992761     2.401718     4.877350    100
    4.404887     4.351290     1.928980     3.658243    100
    4.404887     5.398189     1.089620     2.928636    100
    4.404887     4.725543     1.983783     3.954032    100
    4.404887     4.500564     1.088124     2.799881    100
    4.404887     4.601492     1.709433     3.077200    100
    4.404887     4.122706     3.222681     5.235011    100
    4.404887     5.160311     0.901861     2.339478    100
    4.404887     4.515185     0.147537     0.686250    100
    4.404887     4.940540     1.603182     3.904499    100
