    0.643152    -2.725028    -0.087795    -1.614751      1
    0.643152     1.829614     1.973808     0.958788      1
    0.643152     3.078491     1.015222     2.441140      1
    0.643152     0.168131     0.085688     0.645159      1
    0.643152    -0.168685     1.900595     0.806429      1
    0.643152     3.061752     2.230732     2.275966      1
    0.643152    -0.853106     1.365071    -0.279231      1
    0.643152     1.278906     2.386744     1.403154      1
    0.643152    -1.394493    -0.087949    -0.893271      1
    0.643152     0.878238     2.434603     0.163088      1
   -0.432130     1.369066    -0.716689     0.087590      2
   -0.432130    -0.776757    -1.178922    -1.925048      2
   -0.432130    -2.098522    -0.761307    -2.108067      2
   -0.432130    -0.564083    -1.012709     0.708139      2
   -0.432130     0.667821     0.510409    -0.430469      2
   -0.432130    -0.036517    -0.675264     0.370487      2
   -0.432130     1.713493     0.325658     1.120618      2
   -0.432130    -3.922430    -1.207126    -2.123443      2
   -0.432130     1.950570     0.977641     0.837775      2
   -0.432130     2.216233     0.923248     1.673156      2
    0.657951    -3.465363     0.322153     0.020312      3
    0.657951     2.629482     2.015334     2.992743      3
    0.657951     2.502090     2.457758     2.982765      3
    0.657951    -2.075134     1.597631     1.915824      3
    0.657951    -3.229183    -0.198415    -1.467862      3
    0.657951     0.339877     1.863292     3.255322      3
    0.657951     1.269227     1.131501     2.344766      3
    0.657951    -0.586877     0.667215     1.798828      3
    0.657951    -0.467322     0.430444     0.064867      3
    0.657951     1.656852     1.110291     1.687307      3
   -0.121384    -3.015611    -0.502090    -1.484778      4
   -0.121384    -2.470429    -1.371820    -2.267655      4
   -0.121384    -4.378666    -1.801949    -1.522152      4
   -0.121384     0.353443     0.806136     1.622393      4
   -0.121384    -4.470172    -1.208374    -2.972260      4
   -0.121384    -0.490168     0.542759    -0.380110      4
   -0.121384    -0.578568     1.005287     0.046074      4
   -0.121384    -0.820696     0.077303    -0.915336      4
   -0.121384    -4.157599    -1.778397    -2.323283      4
   -0.121384    -2.134073    -0.687382    -1.293985      4
   -1.081583    -2.206008    -0.105967    -1.448237      5
   -1.081583    -1.104368    -0.870972    -0.410094      5
   -1.081583    -0.494748    -0.017383     1.671618      5
   -1.081583    -0.842499    -1.045848    -0.790257      5
   -1.081583    -2.070240     0.780065    -0.864230      5
   -1.081583    -1.170011     0.169855    -2.293335      5
   -1.081583    -0.760535     1.278008     0.982620      5
   -1.081583    -2.342045     0.964842    -1.106361      5
   -1.081583    -1.603452    -0.606444    -1.245982      5
   -1.081583    -0.697669     0.052012    -0.920415      5
    0.878738    -0.299477    -0.835202     0.345712      6
    0.878738    -0.177527    -2.443310    -2.001592      6
    0.878738     1.955595    -1.254269    -0.709086      6
    0.878738     1.075123    -0.436681     0.319588      6
    0.878738     1.997804    -0.980651    -0.052142      6
    0.878738     0.661598    -1.448749    -0.163649      6
    0.878738    -0.663236    -1.111113    -2.220494      6
    0.878738     0.225129    -1.222145    -1.534291      6
    0.878738    -0.632456    -2.811111    -2.432339      6
    0.878738     5.052072    -0.142021     1.533180      6
    1.104182    -1.279347    -1.718959    -1.909141      7
    1.104182     2.393138    -0.831062     0.754432      7
    1.104182     0.536854    -0.544250    -1.152135      7
    1.104182     0.184905    -1.571788    -1.124526      7
    1.104182    -0.429028    -4.290362    -6.892706      7
    1.104182     0.188762    -1.590518    -1.994777      7
    1.104182    -0.165279    -0.884082    -0.881699      7
    1.104182    -0.923839    -0.303631     0.177914      7
    1.104182    -2.386074    -0.646602    -0.056128      7
    1.104182     0.447025    -0.791564     0.224663      7
    0.247859     0.029829    -0.129881    -0.869443      8
    0.247859     1.398314     1.748097     1.135253      8
    0.247859     4.557680     1.681901     2.271677      8
    0.247859     0.600703     0.573447     0.082786      8
    0.247859    -0.768123     0.117704    -0.552686      8
    0.247859    -3.149661     0.242688    -1.539947      8
    0.247859     4.267765     0.699300     0.730985      8
    0.247859    -1.944938     0.051897    -0.597707      8
    0.247859     1.295897     0.593787     1.650827      8
    0.247859     2.655470     1.158722     1.205956      8
   -1.760416    -1.477927    -0.313727    -1.421775      9
   -1.760416    -2.216894    -1.888338    -1.583003      9
   -1.760416    -2.543721    -0.767075    -1.195484      9
   -1.760416    -1.184026    -2.156250    -2.294360      9
   -1.760416    -1.034300    -0.602339    -0.084323      9
   -1.760416    -2.873238    -1.915112    -1.311203      9
   -1.760416    -1.482828    -0.011728    -2.329598      9
   -1.760416    -0.561210    -0.388143    -2.068047      9
   -1.760416    -0.204604    -1.261346    -0.320957      9
   -1.760416    -1.445325     0.171649    -0.663667      9
   -1.566229    -1.775411     0.261388     0.739531     10
   -1.566229    -0.415148     3.253479    -2.081411     10
   -1.566229    -0.641609     0.470688    -0.854010     10
   -1.566229     0.954104    -0.300339     2.606267     10
   -1.566229    -0.502213     1.786033    -0.665854     10
   -1.566229     4.400137    -1.488542     2.461026     10
   -1.566229    -0.148320     1.734284     0.485926     10
   -1.566229     1.204590     0.474026     0.444160     10
   -1.566229    -0.411791     0.043483     0.424247     10
   -1.566229     0.687064    -1.055749     1.206049     10
    1.462737    -2.681325    -0.503671    -0.791211     11
    1.462737     0.599265     1.062712     0.680147     11
    1.462737    -2.764775    -0.684730    -3.511957     11
    1.462737    -2.607187    -1.605806    -2.752979     11
    1.462737     0.571610     1.105661     1.623792     11
    1.462737    -0.783188     0.121780     0.301762     11
    1.462737    -5.289788    -1.134365    -2.728014     11
    1.462737    -2.504296    -0.432057    -1.554091     11
    1.462737    -0.074821    -0.097018    -0.607556     11
    1.462737     3.935282     0.984710     3.283934     11
   -1.244700    -1.379787    -0.137364    -1.417127     12
   -1.244700    -0.406444    -0.654266    -0.198370     12
   -1.244700     1.582582     0.106511     1.091270     12
   -1.244700     2.484752    -0.633580     1.104858     12
   -1.244700     1.568769    -1.010711     0.917522     12
   -1.244700     1.637932    -0.664170     0.544322     12
   -1.244700    -0.072073    -2.062743    -0.686260     12
   -1.244700     3.467542     0.442631     2.221323     12
   -1.244700    -5.629184    -3.784268    -3.584234     12
   -1.244700     2.191675     0.507586     0.224752     12
   -0.782114    -0.559697     0.340129    -1.178934     13
   -0.782114    -0.022572     0.467620    -1.330814     13
   -0.782114     0.656288    -0.193827    -0.207731     13
   -0.782114    -0.757137    -2.361735     0.259378     13
   -0.782114    -2.745791    -0.536846    -1.631928     13
   -0.782114     1.261090     0.839809     0.300139     13
   -0.782114    -1.200735    -0.035317    -1.373046     13
   -0.782114     1.846084    -0.474343    -1.451065     13
   -0.782114     3.792642     1.627760     0.674568     13
   -0.782114     0.945337    -0.467783     0.301478     13
    1.160682    -2.145663     1.048728    -0.499630     14
    1.160682    -0.879075     1.104276    -0.129835     14
    1.160682    -0.884964     0.610066     0.108318     14
    1.160682    -0.470432     1.579522     1.910933     14
    1.160682     3.238605     3.215690     3.915201     14
    1.160682     1.397571     0.823872     0.967394     14
    1.160682    -2.517720    -0.858238    -0.569791     14
    1.160682    -2.115175     0.403450    -0.218520     14
    1.160682    -0.017184     0.054393     0.551909     14
    1.160682    -1.028179    -0.258015    -1.200393     14
    1.072282    -2.462024    -1.744679    -0.888600     15
    1.072282     0.121454    -0.111731     0.371970     15
    1.072282     2.266620     0.591373     1.459307     15
    1.072282     7.061880     1.510009     4.392905     15
    1.072282    -1.595110    -0.190692     0.757300     15
    1.072282    -1.500916    -1.168267    -0.603562     15
    1.072282     2.080426    -0.083546     1.720762     15
    1.072282     2.682223     0.648607     2.893439     15
    1.072282    -1.205428    -0.100927     0.880654     15
    1.072282    -2.522952    -0.766237    -1.202193     15
   -0.209121    -1.295869     0.321165    -0.697498     16
   -0.209121     1.586842     1.783742     0.124234     16
   -0.209121     1.508229     2.899276     1.465167     16
   -0.209121    -1.788858     0.739189    -0.895095     16
   -0.209121     3.281922     1.685366     1.699805     16
   -0.209121    -0.500524     0.942704     0.448700     16
   -0.209121     1.502009     2.028892     1.351756     16
   -0.209121     0.356179     2.065796     0.943658     16
   -0.209121    -0.990190     0.374730     0.465830     16
   -0.209121     2.441460     1.236091     0.849513     16
   -1.356220    -0.546851    -1.068933    -1.097149     17
   -1.356220     0.571207    -1.255065    -2.090737     17
   -1.356220     0.510934    -2.098217    -1.177961     17
   -1.356220    -1.252987    -1.810859    -2.732618     17
   -1.356220    -5.483829    -3.942232    -1.671398     17
   -1.356220    -2.570012    -2.621525    -2.449392     17
   -1.356220     0.151654    -0.317138    -2.413883     17
   -1.356220    -0.997836     0.566529    -3.998917     17
   -1.356220    -2.353804    -0.739736    -3.111362     17
   -1.356220    -0.095817     0.279926    -2.355385     17
    0.122399    -0.976458    -0.554634    -1.583579     18
    0.122399     2.948910     0.476077    -0.664306     18
    0.122399    -1.311327     0.140280    -2.364970     18
    0.122399    -2.520088    -0.584227    -2.211406     18
    0.122399    -4.620539    -1.157775    -3.567251     18
    0.122399    -0.500939    -0.189620    -2.821609     18
    0.122399     0.470436    -0.817279    -2.148730     18
    0.122399     2.870459     2.350588     1.173253     18
    0.122399    -3.481220    -0.613910    -3.254018     18
    0.122399    -1.364797    -2.018753    -2.147391     18
    0.413992     2.056938    -1.940023     0.694558     19
    0.413992     2.292390    -0.038156     3.042590     19
    0.413992    -2.111836    -2.314146     1.805708     19
    0.413992    -0.605879    -1.462774    -0.100059     19
    0.413992    -5.603270    -3.828490    -2.333528     19
    0.413992     1.929010    -1.089425     2.064139     19
    0.413992     0.080796    -1.332070     2.880219     19
    0.413992     2.625869    -0.270990     2.363882     19
    0.413992     0.461167    -1.037409     2.517583     19
    0.413992    -0.902299    -2.236222     0.950782     19
    0.696417     5.068596     2.644522     3.430829     20
    0.696417    -1.237880    -0.116259    -1.319906     20
    0.696417     1.487656     0.280336     0.001226     20
    0.696417    -0.014966     0.048717    -0.214855     20
    0.696417    -3.348638    -0.098937    -1.406935     20
    0.696417    -1.419422    -0.118372    -0.371432     20
    0.696417     1.630195     0.754349     1.769591     20
    0.696417    -2.428201    -0.018444    -0.225555     20
    0.696417     1.861212     1.024710     1.421635     20
    0.696417    -2.475320     0.135680    -1.556772     20
   -1.078736    -2.259219     0.700243    -2.581932     21
   -1.078736    -1.276124     0.904868    -1.402835     21
   -1.078736     0.193381     0.905419     0.137433     21
   -1.078736    -1.053589    -0.451118    -0.314872     21
   -1.078736    -1.387593     0.399631    -0.970863     21
   -1.078736    -0.318959    -0.776022     0.103409     21
   -1.078736    -0.451148     0.330823     0.840247     21
   -1.078736    -2.243767    -0.727134    -1.753267     21
   -1.078736    -0.581946     0.213779    -0.916259     21
   -1.078736    -2.116928     0.440501    -0.898713     21
    1.697976     2.165416     0.431662     5.182066     22
    1.697976    -3.342837    -0.641492     1.127941     22
    1.697976    -5.224680    -1.073145    -0.036148     22
    1.697976     0.793898     0.367716     4.089197     22
    1.697976    -1.279219    -0.223080     2.536017     22
    1.697976    -2.683824    -0.265777     2.145168     22
    1.697976    -7.363096    -1.384587    -0.465347     22
    1.697976    -5.624463    -1.318591    -1.015740     22
    1.697976     3.565165     0.876709     6.285565     22
    1.697976    -0.116824     0.480287     3.789683     22
    0.122071    -0.262884    -1.838925     0.026026     23
    0.122071    -1.179250    -2.572097    -1.485310     23
    0.122071     2.451701    -1.530337     0.082977     23
    0.122071    -1.170557    -0.199449     0.006736     23
    0.122071     1.350578    -2.150226    -0.347301     23
    0.122071    -1.409621    -1.422293     0.098039     23
    0.122071    -0.445077    -2.391782    -0.465371     23
    0.122071     2.815543    -1.843236    -0.299047     23
    0.122071     0.606839    -1.732992     0.184365     23
    0.122071    -1.473045    -1.355460    -0.901947     23
    0.955143    -4.863165    -1.362957    -1.011246     24
    0.955143    -4.076237    -0.783662    -3.123340     24
    0.955143     3.881987     1.120049     6.426251     24
    0.955143    -4.791340    -0.910105    -2.509435     24
    0.955143    -2.011715    -0.564246    -1.242661     24
    0.955143    -0.984581     0.935366     1.600434     24
    0.955143    -2.848625    -0.258656    -0.259803     24
    0.955143    -2.945189    -1.755986    -2.057938     24
    0.955143     1.265603     1.231913     3.298508     24
    0.955143    -0.158649     0.360795     1.690291     24
   -0.652882     0.707306     0.855745     1.303111     25
   -0.652882     3.198046     1.459477     3.143230     25
   -0.652882    -2.333234    -0.597939    -1.192197     25
   -0.652882    -0.568168     0.578879     0.462324     25
   -0.652882    -0.528774    -0.559421    -0.470210     25
   -0.652882    -1.146483    -1.359280    -1.717431     25
   -0.652882    -1.431703    -2.827753    -2.637924     25
   -0.652882     2.213334    -1.358037    -0.778924     25
   -0.652882    -0.776828    -0.381377    -0.407606     25
   -0.652882     0.326785    -0.445750    -1.521698     25
   -0.406225    -2.225152    -1.042179    -1.245869     26
   -0.406225     0.511234    -2.322343     0.116015     26
   -0.406225    -1.143745     0.602086     0.768168     26
   -0.406225     0.608089    -1.922090    -0.679493     26
   -0.406225    -0.862984    -1.272086     0.852437     26
   -0.406225     0.468829    -1.802009    -1.764141     26
   -0.406225     0.251772    -2.924161    -0.311853     26
   -0.406225    -2.465954    -0.418775     0.349777     26
   -0.406225     1.678457    -1.220042     1.291473     26
   -0.406225    -1.235395    -0.383729    -1.715743     26
    0.090837    -0.857415     0.347082    -0.639767     27
    0.090837    -5.938656    -0.728459    -2.712871     27
    0.090837    -2.062244     0.433552    -0.209617     27
    0.090837    -2.106829     0.240495    -0.865266     27
    0.090837    -4.079882    -0.103547    -0.588601     27
    0.090837    -2.179102     0.113401    -0.138765     27
    0.090837     0.167400     0.515043    -0.130612     27
    0.090837    -0.522886     0.702418     0.292222     27
    0.090837    -4.559384    -0.780224    -2.378540     27
    0.090837    -4.453612    -1.845841    -1.315390     27
   -0.579326     0.769247    -0.172734    -0.452564     28
   -0.579326     2.541259     0.887157     0.273398     28
   -0.579326     0.238024     1.040025    -0.639890     28
   -0.579326     4.027898    -0.109211     1.270715     28
   -0.579326     3.892546     0.215017     0.946087     28
   -0.579326     2.775595     1.527981     1.572739     28
   -0.579326    -0.771911    -2.395956    -0.366960     28
   -0.579326     0.924420     0.300815    -0.009774     28
   -0.579326    -0.968707     0.068949    -0.747774     28
   -0.579326    -1.256579     0.444356    -1.020321     28
   -0.075280    -0.598926     1.801958     2.002892     29
   -0.075280    -2.209172    -0.701937    -2.979328     29
   -0.075280    -2.189149     2.615374     2.618672     29
   -0.075280    -1.407326     1.703437    -0.565732     29
   -0.075280    -1.310984     0.100667    -1.648458     29
   -0.075280    -0.188209     0.332255    -1.403910     29
   -0.075280    -2.491419    -0.608642     0.162300     29
   -0.075280    -2.571539     0.592556     0.496559     29
   -0.075280    -2.296048     0.088787     0.461339     29
   -0.075280    -2.885335     1.434443     1.017871     29
    0.998179     5.186560     0.774010     2.263654     30
    0.998179     1.414994    -0.532507     0.666351     30
    0.998179     2.632026    -0.028953     1.374480     30
    0.998179     2.916735    -0.652727     1.345858     30
    0.998179    -4.388973    -1.767868    -0.869928     30
    0.998179    -0.052140     0.112837     0.173265     30
    0.998179    -4.262198    -1.668673    -0.941083     30
    0.998179    -1.992230    -0.455695    -0.812053     30
    0.998179    -5.166880    -2.014637    -1.618091     30
    0.998179     0.737255    -0.920866     0.945845     30
   -1.208361    -0.893790    -1.032322    -0.903339     31
   -1.208361    -1.069001    -0.650865    -1.659869     31
   -1.208361    -1.009692     0.022924    -1.768570     31
   -1.208361     0.664012    -0.818641    -0.297995     31
   -1.208361     1.087527    -2.611001     0.912518     31
   -1.208361     0.391176    -1.808890     1.060780     31
   -1.208361    -1.904786    -0.928965    -0.982738     31
   -1.208361     2.544451    -0.584253    -0.067717     31
   -1.208361     0.138666    -1.382670    -1.280666     31
   -1.208361    -0.796224    -1.771059    -1.076657     31
   -1.030173     0.827409     0.524149    -1.042145     32
   -1.030173    -0.561382     0.605098    -2.527971     32
   -1.030173    -0.921836     0.155127    -1.292575     32
   -1.030173     0.747829    -0.018565    -1.089604     32
   -1.030173     1.205315     1.358577    -0.948634     32
   -1.030173    -0.218608     0.028322    -0.468044     32
   -1.030173     0.504638     0.322007    -0.961050     32
   -1.030173    -2.817778    -2.573236    -0.600389     32
   -1.030173    -1.595035    -1.001392    -0.555969     32
   -1.030173    -1.370726    -1.200946    -1.852610     32
    1.665712     4.039889     2.942216     4.761498     33
    1.665712     1.333243     2.250262     2.816951     33
    1.665712    -1.933717     0.685578     0.479814     33
    1.665712    -2.441050    -0.432607    -2.499082     33
    1.665712     3.342836     2.229339     3.594158     33
    1.665712    -0.735801     0.508715    -0.984876     33
    1.665712     4.793946     2.128278     3.708543     33
    1.665712     4.755844     3.169108     5.196224     33
    1.665712     4.359900     1.835393     3.454365     33
    1.665712     3.895514     2.609135     4.448865     33
   -1.167172     4.456819    -2.520484    -2.665389     34
   -1.167172     2.260371    -3.704922     0.034054     34
   -1.167172     4.807999    -2.877348     0.242618     34
   -1.167172     2.295780    -3.664649    -0.188114     34
   -1.167172     3.156697    -3.163188     1.269794     34
   -1.167172     2.865065    -3.897883    -0.282092     34
   -1.167172     3.069310    -2.582531    -0.727111     34
   -1.167172     1.896694    -3.945955     0.035787     34
   -1.167172     2.372832    -5.328752     1.661358     34
   -1.167172     3.050476    -1.756947    -3.016998     34
   -2.001197     2.603554     0.551857     0.525233     35
   -2.001197     1.819624    -1.897420     0.732094     35
   -2.001197     1.230415     0.066347     1.267281     35
   -2.001197    -0.093653    -0.436614    -0.245636     35
   -2.001197     2.993860     0.295842     2.146502     35
   -2.001197     2.744373     0.099721     0.981864     35
   -2.001197     2.886762     1.397293     1.429589     35
   -2.001197     0.809520     0.045486     2.326544     35
   -2.001197     4.058937     0.063162     3.284490     35
   -2.001197     2.781596    -1.807535     0.954580     35
    1.312796    -2.505105    -0.204595    -0.072598     36
    1.312796    -1.524237    -0.338020    -1.105098     36
    1.312796     0.523757     0.368023     1.431567     36
    1.312796     0.870524     0.856734     3.116263     36
    1.312796     1.044070     1.669822     3.610988     36
    1.312796    -0.464180     1.044552     2.431312     36
    1.312796     0.211121     0.992557     2.876599     36
    1.312796     0.743670     1.373057     2.591288     36
    1.312796     0.053795     0.834104     2.434129     36
    1.312796    -1.073839    -0.780508    -0.534548     36
   -0.168753     3.372871    -1.830683    -0.585723     37
   -0.168753     1.705357    -0.478369     0.423533     37
   -0.168753     2.505561    -1.296492    -0.159791     37
   -0.168753     2.292529    -0.581421    -0.513336     37
   -0.168753     0.847647    -2.120586    -1.190074     37
   -0.168753     2.468431    -1.487899    -0.491597     37
   -0.168753     2.209016    -1.674619    -1.485473     37
   -0.168753     1.005282    -1.812117    -1.446461     37
   -0.168753     2.076857    -1.510403    -1.761087     37
   -0.168753     1.894160    -0.681384    -0.892477     37
    0.665261     1.725110     0.277703     1.570774     38
    0.665261     0.517465     0.774317     2.447765     38
    0.665261     1.747412     0.872726     3.293704     38
    0.665261     3.415519     0.731722     2.369786     38
    0.665261     1.576222    -0.148542     0.439990     38
    0.665261     0.509910     0.767694     1.616377     38
    0.665261    -1.059461     0.314349     0.878810     38
    0.665261    -0.610443    -0.310807     0.436697     38
    0.665261    -0.366436    -2.233039    -3.215010     38
    0.665261     1.426631     1.322916     3.054904     38
    1.708970    -4.223383     1.680250     0.544765     39
    1.708970     2.531542     3.333482     3.819513     39
    1.708970     3.927437     3.613979     4.030433     39
    1.708970   -10.838150     0.571553    -1.916863     39
    1.708970     3.344543     3.344613     3.504281     39
    1.708970     7.472364     4.198811     5.927311     39
    1.708970     7.349867     3.855077     6.072921     39
    1.708970     6.197555     3.801051     4.972384     39
    1.708970     4.159023     3.466644     3.820432     39
    1.708970    -1.914733     2.026926     1.393385     39
   -0.722168     0.728058     1.769420     2.240991     40
   -0.722168     3.177768     1.155247     2.398179     40
   -0.722168    -1.791706     2.218374    -1.039277     40
   -0.722168    -3.004851     1.023820    -0.833200     40
   -0.722168     2.016577     0.555281     1.229033     40
   -0.722168    -0.615922     1.622594     0.627153     40
   -0.722168     1.612650     0.818827     2.506193     40
   -0.722168     5.117601     2.646110     2.944521     40
   -0.722168    -2.776647    -0.088721    -0.580736     40
   -0.722168    -1.180577     0.540539     1.273750     40
    0.132476     0.763041    -0.424232     1.214514     41
    0.132476     4.981781     1.569460     4.762644     41
    0.132476    -0.215447    -0.426179    -0.523527     41
    0.132476    -2.356752    -1.496651     0.705186     41
    0.132476    -2.859781    -2.211490    -1.562660     41
    0.132476    -1.172301    -1.573711    -0.654864     41
    0.132476    -1.905644    -0.560366    -1.246853     41
    0.132476     4.504550    -0.336679     2.619920     41
    0.132476    -0.290424     0.626620     0.234762     41
    0.132476     1.989273     0.124045     2.128444     41
    0.219222    -0.062818     0.687999    -1.192356     42
    0.219222    -1.610469     0.830895    -1.985335     42
    0.219222     1.600235     0.190915    -1.466220     42
    0.219222     1.674345     1.237556    -0.083434     42
    0.219222     0.828100    -0.186630    -3.261351     42
    0.219222    -1.907839     0.786952    -3.193724     42
    0.219222    -0.881629    -0.096698    -0.539758     42
    0.219222    -0.871695    -0.638618    -2.816028     42
    0.219222    -2.225070    -0.051881    -1.537382     42
    0.219222     0.465765     0.704588    -2.046775     42
   -1.130690    -3.507521    -1.023485    -1.161591     43
   -1.130690     1.581577     0.568083     0.917269     43
   -1.130690     3.874324     1.046203     0.901223     43
   -1.130690     3.786936     0.663643     0.871153     43
   -1.130690     1.874391    -0.588312     0.709646     43
   -1.130690    -0.503812     1.369235     0.479785     43
   -1.130690     5.581518     1.487387     2.454516     43
   -1.130690     1.334359    -1.121794     0.466761     43
   -1.130690    -2.347114    -0.385140    -0.381547     43
   -1.130690     0.823364    -0.563889     0.403497     43
   -0.189051    -3.772919    -3.163912    -2.328882     44
   -0.189051    -0.958816    -1.166914     0.908642     44
   -0.189051     0.543919    -1.753555    -0.276703     44
   -0.189051    -0.486226    -1.526640     0.499029     44
   -0.189051    -0.491151    -2.570895     0.455741     44
   -0.189051     0.001695    -0.783680     1.071327     44
   -0.189051    -3.241600    -2.320618    -1.487279     44
   -0.189051    -0.697574    -0.832970     0.276639     44
   -0.189051     1.071466    -0.861568     0.535415     44
   -0.189051    -0.023586    -1.205237     1.239377     44
    0.297694     1.355857     1.402601    -1.047424     45
    0.297694     2.091876     0.653915     0.328654     45
    0.297694     2.617865     0.488562    -0.538679     45
    0.297694     1.015079    -1.440383    -1.621527     45
    0.297694     2.265521     0.271489     0.891392     45
    0.297694     0.264770    -1.057863    -0.402580     45
    0.297694     1.566519     0.213950    -1.278508     45
    0.297694     0.387202     0.746180     0.954577     45
    0.297694    -0.154396    -1.081359    -2.474299     45
    0.297694    -1.238645    -1.750623    -1.972766     45
    0.114975     2.573944    -0.400646     1.482834     46
    0.114975    -2.365773     0.564562    -1.723330     46
    0.114975    -0.280908    -0.194587    -0.607101     46
    0.114975     0.420579    -0.045549    -0.077393     46
    0.114975     1.462351     0.975972     0.774453     46
    0.114975     3.086956     0.837419     1.677713     46
    0.114975     3.100470    -0.340358     0.910279     46
    0.114975     2.237068    -0.978027     1.327486     46
    0.114975    -0.997819    -0.551147    -0.159001     46
    0.114975     1.947591     0.854824     0.340814     46
   -0.439499    -0.715421    -1.404656    -3.147917     47
   -0.439499    -0.650133    -2.888574    -1.709149     47
   -0.439499     0.154240    -1.691736    -0.368752     47
   -0.439499     1.768401    -0.314621    -2.513950     47
   -0.439499     0.804656    -0.725064    -1.765108     47
   -0.439499     1.152964    -0.565366     0.284556     47
   -0.439499     1.216848    -0.779480     0.562436     47
   -0.439499    -2.031836    -2.530461    -1.481519     47
   -0.439499    -1.627307    -1.964417    -0.320403     47
   -0.439499    -1.356508    -2.594419     0.731090     47
    0.281439     0.767223     1.441229     1.002111     48
    0.281439    -1.733147    -1.978118    -2.788004     48
    0.281439    -0.238626    -0.350368    -0.790238     48
    0.281439     3.492842     1.237577     1.554345     48
    0.281439    -1.138074    -1.043684    -2.047180     48
    0.281439    -1.399350    -0.165280    -1.397265     48
    0.281439    -1.254315    -1.669756    -2.744516     48
    0.281439     2.102483     0.745576     0.865762     48
    0.281439    -1.085359     0.519110    -1.107305     48
    0.281439     0.175218     1.361477     1.381500     48
    2.069087     4.920656     0.524559     4.952615     49
    2.069087     2.396677    -0.849288     2.182915     49
    2.069087     1.592742    -1.093864     0.804858     49
    2.069087     1.244214    -2.008778    -0.601604     49
    2.069087     2.970075     0.081734     3.304009     49
    2.069087     5.777098     0.148217     4.631192     49
    2.069087     4.090032     0.234019     5.294910     49
    2.069087     2.681723    -0.344542     1.580848     49
    2.069087     1.692811    -1.245209     0.608484     49
    2.069087     2.918729    -0.198899     1.933989     49
   -0.789599     2.485248     2.359926     2.521549     50
   -0.789599     2.744588     1.792287     2.357832     50
   -0.789599     0.759580     2.709092     1.334471     50
   -0.789599     1.351438     1.385066     2.453684     50
   -0.789599    -4.447776     0.153269    -2.590727     50
   -0.789599    -1.004255     0.881143    -0.580492     50
   -0.789599    -3.623082    -0.994377    -1.375939     50
   -0.789599    -1.459212     2.286964     1.165404     50
   -0.789599    -0.436286     0.743053     0.102469     50
   -0.789599     0.545343     0.527951     0.459362     50
    0.624684     0.611204    -0.726057    -1.871204     51
    0.624684    -0.099882    -0.271246    -1.168519     51
    0.624684     1.119370     0.955446     0.711228     51
    0.624684     0.810751     0.837604     1.822696     51
    0.624684     1.047035    -0.923549    -1.155337     51
    0.624684    -0.809793    -1.879532    -3.037595     51
    0.624684    -0.845911     0.153089     0.466321     51
    0.624684     1.095911    -1.746223    -1.472980     51
    0.624684     1.437538     1.615826     0.648943     51
    0.624684    -0.727049     0.332629    -0.722247     51
    0.563009    -3.505416    -3.631114    -4.000341     52
    0.563009    -3.791664    -3.939635    -6.018516     52
    0.563009    -1.147935    -2.682024    -1.203979     52
    0.563009     3.214326    -2.108975    -0.618723     52
    0.563009     6.643915    -1.358366     0.749571     52
    0.563009     1.104523    -2.212400    -1.621293     52
    0.563009     1.192139    -1.631762    -2.465441     52
    0.563009     4.653801    -1.957372     0.280520     52
    0.563009    10.240715     1.791178     3.542400     52
    0.563009    -0.287386    -2.577376    -2.293096     52
   -0.186686     2.987435     0.888231     3.047626     53
   -0.186686     2.150085     0.510703     1.920936     53
   -0.186686    -1.508063    -1.058796    -1.617636     53
   -0.186686     2.986646     1.063034     3.161300     53
   -0.186686     2.213837     1.109133     1.531743     53
   -0.186686     0.549049     0.013006     0.700786     53
   -0.186686     0.625461     0.180634     0.673868     53
   -0.186686    -1.864160    -0.544247    -1.407037     53
   -0.186686     1.863749     0.988774     2.686058     53
   -0.186686     1.742844    -0.977991    -0.089009     53
   -0.319257    -2.757138    -1.403264    -0.742974     54
   -0.319257    -1.757376    -0.621171     1.299127     54
   -0.319257    -1.751778    -0.799131    -0.673680     54
   -0.319257    -4.420399    -1.279400     0.236647     54
   -0.319257    -1.783529    -0.373065     0.054788     54
   -0.319257    -0.928851     0.941111     0.729384     54
   -0.319257    -1.106839    -1.887254     1.706677     54
   -0.319257    -2.506525    -1.136841     0.311872     54
   -0.319257    -3.969386    -1.280136     0.445015     54
   -0.319257    -1.018359    -0.482702    -1.066452     54
    1.640952    -0.591655    -1.528031    -1.509098     55
    1.640952     2.514280     0.842317     2.066031     55
    1.640952     1.288505     0.149348     0.778638     55
    1.640952     2.032797     0.437180     2.129959     55
    1.640952     2.720507     0.020945     1.261929     55
    1.640952     0.826529    -0.751098     1.227541     55
    1.640952     2.095569     1.135797     1.481828     55
    1.640952     1.465750     0.600207    -0.099925     55
    1.640952     1.266941     0.648532     0.640695     55
    1.640952     6.141961     2.379077     5.275005     55
    1.929613     2.146264     0.889787     4.769900     56
    1.929613    -0.906104    -0.456764     0.217423     56
    1.929613     0.036696     0.710479     2.869611     56
    1.929613     1.568668     0.284870     3.211719     56
    1.929613     0.175225    -0.169046     1.550215     56
    1.929613     4.559074     1.014196     5.287398     56
    1.929613     6.551949     3.816531    11.681176     56
    1.929613     4.376673     0.965258     3.105452     56
    1.929613    -3.493932    -1.460108    -0.881374     56
    1.929613     1.528904    -0.202770     2.103197     56
   -2.764457    -0.320014    -0.227886    -1.600013     57
   -2.764457     1.462359     0.336227    -1.736103     57
   -2.764457    -0.345461     0.693757    -1.661056     57
   -2.764457     0.094046    -1.300316    -1.068068     57
   -2.764457     0.795685     0.762891    -0.768299     57
   -2.764457     1.186866     0.499293    -0.928179     57
   -2.764457     1.569768    -0.065079    -0.331697     57
   -2.764457    -3.460353    -1.042923    -2.784568     57
   -2.764457     0.921973    -0.496467    -0.363009     57
   -2.764457     1.732338     0.029147    -1.886761     57
   -0.941952     4.234746     2.128366    -0.192498     58
   -0.941952     1.166084     0.650174    -0.362485     58
   -0.941952     4.069610     1.334447     0.570682     58
   -0.941952     2.941183     1.202136     1.143851     58
   -0.941952     3.466308     2.020834     2.439225     58
   -0.941952     2.597627     0.941822     1.527995     58
   -0.941952     2.197502     1.336727    -1.742398     58
   -0.941952     4.143813     0.672872     0.797476     58
   -0.941952     0.356120     1.309516     0.111406     58
   -0.941952     2.431409     1.103856    -0.183661     58
   -0.398580    -2.374540    -0.693986    -1.435274     59
   -0.398580    -2.988501    -1.665677    -1.971423     59
   -0.398580    -2.595852    -0.126679    -1.397549     59
   -0.398580    -0.089123     0.264750     0.643191     59
   -0.398580    -2.358261    -0.995440    -2.312182     59
   -0.398580     1.604726     1.662016     1.576190     59
   -0.398580    -0.743447     0.115921     0.338848     59
   -0.398580    -1.800157    -0.714136    -0.854674     59
   -0.398580    -2.524101     0.145195    -1.659358     59
   -0.398580    -2.971618    -1.116609    -2.982394     59
    0.334169     1.594588     1.808255     1.775311     60
    0.334169     3.683812     2.484462     2.479304     60
    0.334169     0.596874     1.726238     1.560416     60
    0.334169     0.527980     1.707250     0.268428     60
    0.334169     1.745050     0.521378     0.424633     60
    0.334169     3.372466     2.156776     2.688065     60
    0.334169     1.250628     2.006291     1.365338     60
    0.334169     4.243993     2.190557     2.755195     60
    0.334169     1.060789     0.660085     0.540645     60
    0.334169     1.407988     1.946857     2.199398     60
    0.442464    -0.105192     0.861532     0.195982     61
    0.442464     2.548849     0.239367     4.412581     61
    0.442464     1.373982    -0.413946     1.043406     61
    0.442464    -1.259154    -0.629449    -0.738425     61
    0.442464     0.157254    -0.036982     0.084982     61
    0.442464     0.719340     0.021359     0.827382     61
    0.442464     2.084843     1.424951     2.302620     61
    0.442464     2.255088     1.753789     3.135726     61
    0.442464    -0.370155    -0.371384    -0.070569     61
    0.442464     0.241226     0.543642     0.350220     61
   -0.734133    -0.020068    -0.299215     0.121034     62
   -0.734133     1.339596    -0.353745     0.677690     62
   -0.734133     1.928935    -0.822708     1.301158     62
   -0.734133     0.930567    -1.393076    -0.277059     62
   -0.734133     1.569302    -0.180468     1.359597     62
   -0.734133    -1.695667    -0.245090    -0.890458     62
   -0.734133    -1.211971     0.236399     1.286371     62
   -0.734133     0.730560     1.429166     0.392092     62
   -0.734133     1.660214    -0.217487     2.658294     62
   -0.734133     1.107100     0.617182     0.832320     62
    1.067313    -0.890321    -0.579565    -2.144070     63
    1.067313     4.256572     0.346911     0.597322     63
    1.067313    -0.506530    -0.014962    -0.825219     63
    1.067313     1.268085    -1.166695    -0.090454     63
    1.067313     3.048422     0.776086     1.006898     63
    1.067313     4.560061     1.079039     1.539075     63
    1.067313     1.821043     0.085921     0.340883     63
    1.067313     0.648472     0.411376    -0.741348     63
    1.067313     1.118161    -0.914326    -0.702309     63
    1.067313     0.717550     0.619049    -2.116767     63
    0.545017     2.896706     0.903069     3.471133     64
    0.545017     3.566470     0.146273     4.117166     64
    0.545017    -1.466365    -1.083686     0.065360     64
    0.545017     2.583317     1.024798     3.938061     64
    0.545017     4.228625     0.180135     4.129015     64
    0.545017     2.180654    -0.050800     2.375182     64
    0.545017     0.163071    -0.606656     0.053983     64
    0.545017    -2.476091    -2.066401    -0.313994     64
    0.545017     2.835534    -0.360624     3.530950     64
    0.545017    -2.481784    -1.247252     0.142226     64
    0.417998     2.916951    -1.355603    -0.518653     65
    0.417998     2.055931     0.049775     0.195136     65
    0.417998     1.377043     0.869674     0.051137     65
    0.417998     2.095337     0.095585    -0.232095     65
    0.417998     0.686916    -0.439850     0.124711     65
    0.417998     2.530852    -0.587130     2.804944     65
    0.417998     1.651371     0.815453     0.578835     65
    0.417998     4.135492     0.144880     1.038198     65
    0.417998     0.105155     0.075802    -1.680467     65
    0.417998     3.777935    -2.315816     0.827458     65
    0.810045     2.263452     1.333978     1.741670     66
    0.810045    -6.355318    -1.067992    -3.619129     66
    0.810045    -1.828358     0.296102     0.051885     66
    0.810045    -2.714424     0.237810    -0.703990     66
    0.810045     1.840993    -0.857281    -0.276751     66
    0.810045    -2.271404    -1.047373    -2.127505     66
    0.810045    -1.456124     0.193255    -0.746699     66
    0.810045     0.350583     0.310123    -0.007915     66
    0.810045    -4.027183    -0.405265    -1.022169     66
    0.810045     2.819613     1.957309     2.633008     66
    0.854358    -1.932941    -2.616816    -4.663976     67
    0.854358    -1.853735    -2.170298    -0.647465     67
    0.854358     2.411221    -0.302527     1.893270     67
    0.854358    -1.836728    -2.062749    -2.233218     67
    0.854358    -0.227098    -2.351601    -1.274445     67
    0.854358     3.552735     0.408616     3.505800     67
    0.854358     0.633709    -1.279086     0.120413     67
    0.854358     1.465355    -0.805450     2.051244     67
    0.854358     0.305824    -1.737763    -1.106019     67
    0.854358     0.035754    -0.547007    -0.069458     67
   -0.230841    -2.754949     0.497663     0.001287     68
   -0.230841     1.720125     1.684557     1.640577     68
   -0.230841    -1.591625     1.369188     0.422282     68
   -0.230841    -3.722104     0.380040    -0.928275     68
   -0.230841    -3.688493     0.479181    -1.222178     68
   -0.230841     3.967666     2.243110     2.925855     68
   -0.230841    -3.509890     0.619190    -1.490023     68
   -0.230841    -5.477111     0.270179    -0.987943     68
   -0.230841    -1.909931    -0.064813     0.877286     68
   -0.230841     1.056225     2.152139     2.282764     68
    1.249590    -0.072407    -1.224222     0.093911     69
    1.249590    -1.470073    -0.836028    -0.974731     69
    1.249590    -3.710208    -1.040805    -1.201010     69
    1.249590     1.465270    -0.154909     0.108588     69
    1.249590    -4.292192    -1.844643    -2.305995     69
    1.249590    -6.237068    -2.554791    -2.825235     69
    1.249590     4.919188     0.421959     1.738458     69
    1.249590    -0.025154    -0.507631    -0.610651     69
    1.249590     4.146404     1.315699     1.478644     69
    1.249590    17.004921     2.674077     5.472442     69
    0.769655    -0.488466    -1.425300    -0.917253     70
    0.769655    -2.081270    -1.761944    -2.836993     70
    0.769655    -2.159560    -1.073771    -0.649247     70
    0.769655    -4.105527    -0.694102    -1.415016     70
    0.769655    -3.687405    -0.437821    -2.227872     70
    0.769655    -3.225267    -1.466174    -1.802541     70
    0.769655    -2.333863    -3.587638    -3.374936     70
    0.769655     1.161594    -0.976329     0.330925     70
    0.769655     0.220638     0.194131     0.566062     70
    0.769655     1.467226     0.306178     2.062970     70
   -0.458494    -1.723344    -1.310765    -2.251735     71
   -0.458494    -2.548118    -0.195585    -1.017078     71
   -0.458494     0.521158    -0.929767    -0.569249     71
   -0.458494    -2.499344    -0.765037    -2.710667     71
   -0.458494     1.269457     0.598236     2.744597     71
   -0.458494    -1.053047    -1.431444    -2.043885     71
   -0.458494    -1.272927     0.117121     0.139746     71
   -0.458494    -0.502591    -0.367196    -1.093629     71
   -0.458494     1.654759     1.492245     1.147315     71
   -0.458494    -2.713627    -1.633678    -1.933200     71
   -1.685398    -1.894565    -2.367539    -1.245133     72
   -1.685398    -1.938935    -1.949497    -2.245984     72
   -1.685398    -0.140112    -0.636318    -1.513030     72
   -1.685398    -3.844126    -1.936834    -2.917240     72
   -1.685398     0.868325     0.076802    -0.989164     72
   -1.685398    -3.933186     0.115456    -2.159124     72
   -1.685398    -0.946994    -2.314787    -1.285921     72
   -1.685398    -0.089302    -2.612725    -1.158747     72
   -1.685398    -2.218023     0.138339    -3.078896     72
   -1.685398    -1.352512    -1.478462    -2.737586     72
    1.997501    -0.104916     0.717440     1.676812     73
    1.997501    -5.169859    -1.268878    -0.908963     73
    1.997501    -2.549932    -0.977880    -0.551921     73
    1.997501    -1.510997    -0.412561     1.161589     73
    1.997501    -3.000677    -0.344035    -0.137663     73
    1.997501    -6.034528    -1.044371    -2.831694     73
    1.997501    -4.164041    -0.678308    -0.000997     73
    1.997501    -2.543027    -0.532044     0.548415     73
    1.997501    -0.885528    -0.249576     0.453663     73
    1.997501    -0.391970     0.362565     0.216667     73
   -0.357374    -0.113913     1.038258     2.014582     74
   -0.357374     0.375379     0.410284    -0.839462     74
   -0.357374     1.332230    -0.308938    -1.476050     74
   -0.357374     0.548011     1.895571    -0.538659     74
   -0.357374     1.070670    -1.703444    -2.896698     74
   -0.357374     0.222130     0.236460    -0.451410     74
   -0.357374     1.287259    -1.827394    -1.731158     74
   -0.357374    -0.822956     1.808658     0.597170     74
   -0.357374    -0.748079    -0.488845    -0.009880     74
   -0.357374     0.156029    -1.981622    -3.288890     74
   -0.172700     0.325811    -0.197386     0.338469     75
   -0.172700     1.230372     0.460661     1.329051     75
   -0.172700     0.271835     0.395619     1.032731     75
   -0.172700    -1.209709     0.639218     0.237909     75
   -0.172700    -4.541745    -1.668950    -1.633423     75
   -0.172700     0.383041    -0.091784     0.604808     75
   -0.172700    -7.120719    -2.804906    -2.366287     75
   -0.172700    -3.439769    -1.442947    -1.674418     75
   -0.172700    -3.579488    -0.998975    -1.206813     75
   -0.172700     3.792127    -0.642709     2.010631     75
   -0.172140    -1.000876    -2.234453    -0.108871     76
   -0.172140     1.146644    -0.928266     2.766600     76
   -0.172140     1.110887    -1.425397     2.160687     76
   -0.172140     2.093867    -1.713632     2.331678     76
   -0.172140    -1.654071    -2.838260     0.790511     76
   -0.172140     2.868427    -0.329272     2.235468     76
   -0.172140    -3.068126    -2.729837    -1.854722     76
   -0.172140     1.177218    -2.471112     1.972641     76
   -0.172140     2.018654     0.539442     3.420455     76
   -0.172140     3.054842    -1.643104     2.227174     76
   -0.850800    -1.862106    -0.356766    -2.688615     77
   -0.850800    -3.275779     0.606068    -3.458482     77
   -0.850800    -2.117786    -1.636779    -1.159531     77
   -0.850800    -4.570181    -0.543655    -2.589881     77
   -0.850800    -3.523074    -0.655998    -2.742900     77
   -0.850800    -4.221406    -1.551922    -2.537770     77
   -0.850800    -4.364441     0.693439    -3.836252     77
   -0.850800    -0.683662    -0.861386    -0.979489     77
   -0.850800     1.314149    -0.941261    -0.988167     77
   -0.850800    -0.065216    -0.473741    -1.148942     77
    1.379082     2.869472    -0.086497     1.568300     78
    1.379082     0.101669     0.280590     1.382474     78
    1.379082     0.422009    -1.589955    -0.214193     78
    1.379082     2.612756    -0.668720     2.674055     78
    1.379082     0.606563    -0.675280     0.026852     78
    1.379082     1.629126    -0.117829     1.235264     78
    1.379082     0.197515    -0.481404     1.270425     78
    1.379082     0.855627     0.420276     1.417268     78
    1.379082    -0.721068    -1.174320     1.400254     78
    1.379082     0.314889    -0.466517     0.959106     78
   -0.202729     0.471991     1.711316    -0.737407     79
   -0.202729     1.582982     0.981014    -1.292609     79
   -0.202729     1.257291     2.184163     2.180193     79
   -0.202729     2.864884     0.911754    -1.591474     79
   -0.202729     2.048320     3.336242     0.105878     79
   -0.202729     1.297299     1.354781     0.871021     79
   -0.202729     3.301475     3.123728    -0.240713     79
   -0.202729     0.531024    -0.683521     0.244558     79
   -0.202729     1.104850    -0.023501    -0.883347     79
   -0.202729     0.744350     0.662442    -0.541743     79
    0.442645    -1.190233    -2.397834    -0.808228     80
    0.442645    -3.759520    -2.860497    -1.194271     80
    0.442645    -0.286498    -0.966124     0.900340     80
    0.442645    -0.756162    -1.416381     1.929253     80
    0.442645     1.592083    -1.587618     1.972111     80
    0.442645    -0.464552    -2.283695    -0.685517     80
    0.442645     0.419292    -1.337625     2.822221     80
    0.442645    -0.994151    -1.519660     0.764450     80
    0.442645     1.876816     0.153057     2.486602     80
    0.442645    -3.258837    -3.093288    -0.612017     80
    0.700294     0.941259     1.164053     0.333302     81
    0.700294     2.291619     2.778419     3.057228     81
    0.700294     2.361324     1.867567     1.008876     81
    0.700294    -0.430980     0.044389    -1.845682     81
    0.700294     4.566624     2.657457     1.970496     81
    0.700294    -1.784664     0.256394    -0.738313     81
    0.700294     3.112457     1.959607     0.999018     81
    0.700294     1.029501     1.815470     0.524190     81
    0.700294     4.407024     4.738237     3.424983     81
    0.700294     0.954338     1.010698     1.365146     81
   -0.575960    -1.200399    -0.155772    -1.307935     82
   -0.575960     1.611576    -0.590815    -0.593838     82
   -0.575960     0.974538    -0.251987    -0.622623     82
   -0.575960    -2.218525    -0.023879    -2.884009     82
   -0.575960     0.584296    -1.330890    -0.466716     82
   -0.575960     1.141855    -0.988806    -0.882174     82
   -0.575960     0.659496    -0.885554     0.302282     82
   -0.575960     0.602205    -1.851946     0.352083     82
   -0.575960    -0.335783     0.436150    -1.900565     82
   -0.575960    -0.043521     0.601062    -1.378498     82
   -0.183564     0.776207    -0.537516    -0.830559     83
   -0.183564    -2.563942    -2.307629    -0.421280     83
   -0.183564     1.230993    -0.502746     0.227268     83
   -0.183564    -1.946237    -1.430252    -1.002894     83
   -0.183564    -0.510062    -1.538558    -1.423310     83
   -0.183564     0.297229    -0.941966    -1.010371     83
   -0.183564    -3.204267    -1.319845    -1.602884     83
   -0.183564    -1.204519     0.026058    -1.196787     83
   -0.183564    -4.562355    -0.949812    -3.013224     83
   -0.183564    -3.403041    -0.799725    -2.532049     83
   -0.348148     1.499822     2.138929     4.025760     84
   -0.348148     1.233550     2.111862     2.045777     84
   -0.348148     0.007117    -0.101116     1.346568     84
   -0.348148    -0.076453    -0.117816    -0.223442     84
   -0.348148     1.166327     0.393210     4.232128     84
   -0.348148     0.553137    -0.246483     0.582041     84
   -0.348148     0.758955     0.779840     3.195291     84
   -0.348148    -0.122825     2.075535     2.718694     84
   -0.348148     0.888682     0.365679     2.077633     84
   -0.348148     2.225689     0.553919     3.968032     84
    0.107436     1.201207    -0.399334     0.474476     85
    0.107436    -2.806224    -1.495812    -4.759565     85
    0.107436     0.843408     0.014476    -0.313170     85
    0.107436     1.631201    -0.260646    -0.284981     85
    0.107436     2.114255     0.896613     0.396718     85
    0.107436     1.647117     0.462208     1.319098     85
    0.107436     0.812248     1.342684     0.764080     85
    0.107436     2.696494    -0.300948     0.528112     85
    0.107436     1.030266    -0.072304     0.013450     85
    0.107436    -0.386894    -0.980181    -2.581087     85
   -0.182244     1.522256     2.442827     2.028723     86
   -0.182244     1.505399     2.215136     1.478709     86
   -0.182244    -0.746241     1.468794     0.299497     86
   -0.182244     1.081627     2.065816     1.693911     86
   -0.182244     2.829592     1.741078     2.909531     86
   -0.182244     1.205487     2.715616     1.899490     86
   -0.182244     2.372219     2.535714     2.550450     86
   -0.182244    -0.006565     2.196178     1.703614     86
   -0.182244    -5.995319     0.138199    -2.734188     86
   -0.182244    -0.911813     1.855330     0.651001     86
   -1.225315    -0.517495    -0.793562    -0.272204     87
   -1.225315    -0.154247    -1.109760     0.266632     87
   -1.225315     0.018214     0.035537     0.014035     87
   -1.225315    -2.436891    -1.228445    -0.880094     87
   -1.225315     5.150364     1.955517     4.130517     87
   -1.225315    -3.457100    -1.407319    -0.881565     87
   -1.225315    -0.161034     0.462512     0.672965     87
   -1.225315     1.190285    -0.328552     0.468300     87
   -1.225315    -2.577142     0.946161     0.739096     87
   -1.225315    -3.449464    -1.230128    -1.406987     87
    0.526327     0.447363    -0.088598    -0.095365     88
    0.526327     1.871943    -0.971119    -0.594528     88
    0.526327     2.160425     2.175277     2.776242     88
    0.526327    -0.112455    -1.814915    -2.657654     88
    0.526327     0.833211     0.839398     0.901469     88
    0.526327     1.571201    -0.161343     1.127529     88
    0.526327     0.183035    -0.991370     0.123184     88
    0.526327    -0.441886    -0.226618     0.129769     88
    0.526327     2.459930    -2.115280    -2.049311     88
    0.526327    -0.224698    -0.612753    -0.903876     88
    1.200080    -1.897816     0.081235    -2.925392     89
    1.200080    -4.379469     0.761398    -1.056516     89
    1.200080     0.312887     1.122855     0.068004     89
    1.200080    -2.116282     0.301533    -1.453321     89
    1.200080    -1.669701     0.894987    -1.860275     89
    1.200080    -4.410264    -0.465178    -3.692982     89
    1.200080    -2.188090    -0.778924    -2.741192     89
    1.200080    -1.960216     0.297028    -3.011695     89
    1.200080    -1.783381     1.843627     1.123314     89
    1.200080    -3.541985    -0.458128    -4.630643     89
    0.330948     0.055488    -1.480535    -0.980553     90
    0.330948    -0.622867    -1.020339    -1.764331     90
    0.330948     1.599091    -2.234745    -1.243115     90
    0.330948    -2.443288    -1.488209    -2.664743     90
    0.330948     1.933187    -0.423865    -0.967187     90
    0.330948     0.196465    -1.733988    -2.228587     90
    0.330948    -1.344967    -1.973970    -2.952846     90
    0.330948     3.622610     0.518539     0.117469     90
    0.330948    -1.971463    -0.950080    -2.912733     90
    0.330948    -2.637148    -3.621089    -2.541272     90
   -0.211941     2.753065     2.768256     4.881581     91
   -0.211941     2.090480     2.447192     5.546086     91
   -0.211941    -1.282305     2.109115     3.357352     91
   -0.211941    -0.043949     1.481592     3.982535     91
   -0.211941     0.811565     0.039614     1.296606     91
   -0.211941    -1.470432     2.251324     3.905937     91
   -0.211941    -2.543440     0.202145     0.277045     91
   -0.211941    -2.623269     0.144655    -0.043516     91
   -0.211941    -1.140391     0.461431    -0.788349     91
   -0.211941    -1.349595     1.587180     2.197134     91
   -1.309410     5.841229     1.577226     3.067085     92
   -1.309410     1.100666     1.283439     2.463452     92
   -1.309410     1.664965     1.016225     1.948989     92
   -1.309410    10.266392     2.436121     6.523691     92
   -1.309410     6.705197     1.734949     3.092984     92
   -1.309410    -2.340330     0.201049     0.763659     92
   -1.309410     3.925851     1.153633     2.523789     92
   -1.309410     5.209135     2.060998     4.100958     92
   -1.309410    -0.927396     0.627366     1.002357     92
   -1.309410     6.823232     1.515059     3.836490     92
    0.496456    -2.060683     0.023403    -0.680048     93
    0.496456    -0.642355     0.833514     0.315172     93
    0.496456     1.387120     3.058705     3.678447     93
    0.496456     0.389051     1.410035     2.067058     93
    0.496456    -1.580900    -0.211127    -0.538062     93
    0.496456    -2.360963     0.293072    -1.750594     93
    0.496456     0.135039     1.457616     1.544061     93
    0.496456     0.923526     0.464217     0.076269     93
    0.496456    -1.246913     0.797687     0.611554     93
    0.496456     5.269360     2.040727     3.546974     93
   -1.149680    -3.440338    -0.282296    -3.231031     94
   -1.149680    -2.088893    -1.072527    -2.070951     94
   -1.149680     2.419977     0.951310     0.760314     94
   -1.149680    -4.674583    -1.085740    -3.017981     94
   -1.149680    -1.202965     1.096656    -2.007598     94
   -1.149680     0.404763    -0.275265    -0.677807     94
   -1.149680     0.044018     0.436545    -0.614177     94
   -1.149680    -1.586394    -0.276265    -1.310459     94
   -1.149680    -0.239495    -0.157326    -0.949321     94
   -1.149680    -4.493571    -0.780340    -3.155221     94
   -1.343340     1.514545     0.882262     0.446547     95
   -1.343340     1.985579     0.948157     0.219255     95
   -1.343340     2.747345    -0.504132     2.295857     95
   -1.343340     2.388108     1.245098     2.098991     95
   -1.343340    -0.677387    -1.440822    -0.709022     95
   -1.343340    -0.023932    -0.222598     0.832412     95
   -1.343340     5.273592     1.420288     2.051023     95
   -1.343340     0.340978     0.294296    -0.791647     95
   -1.343340     0.902486     0.299010    -0.337743     95
   -1.343340     1.852877    -0.190943     0.810636     95
   -0.108046     3.633984    -0.295569     1.712005     96
   -0.108046    -1.737476    -1.301915    -1.780550     96
   -0.108046     2.769011    -0.996039     0.565937     96
   -0.108046     5.846650     0.880398     4.006270     96
   -0.108046     3.680934    -1.476518     1.086330     96
   -0.108046     2.335286    -0.860951     0.583399     96
   -0.108046     2.552049    -1.280168     0.693429     96
   -0.108046     4.485755    -1.571859     1.063793     96
   -0.108046     5.266558    -0.431455     2.544899     96
   -0.108046    -0.146518    -0.635982    -0.334735     96
    0.245668     1.407250    -0.093614    -0.539236     97
    0.245668     0.387020    -0.229610    -0.864062     97
    0.245668    -3.135456     0.003365    -1.947497     97
    0.245668    -4.176921    -0.645512    -1.844203     97
    0.245668    -4.155498    -0.963703    -3.806256     97
    0.245668    -0.337076    -0.655346    -1.295813     97
    0.245668    -0.633280    -0.049420     0.135894     97
    0.245668    -2.106246    -1.517001    -1.690538     97
    0.245668    -2.925874    -0.281236    -1.677926     97
    0.245668    -1.557002    -2.114160    -1.156412     97
   -0.057210     2.784717    -3.133422    -1.125105     98
   -0.057210     2.209011    -0.623052     0.367704     98
   -0.057210     1.928110    -0.730958     1.267382     98
   -0.057210    -0.755163    -1.814471    -1.822700     98
   -0.057210    -1.401193    -1.155753    -0.999154     98
   -0.057210    -1.162007     0.069042    -1.681860     98
   -0.057210     0.258192    -0.889871    -0.775705     98
   -0.057210    -0.423193    -1.908529    -2.018641     98
   -0.057210     2.127532    -1.207996    -0.620312     98
   -0.057210    -0.588454    -2.030717    -2.202023     98
    0.759050    -0.799911    -0.668456     1.056130     99
    0.759050    -1.489640    -1.627332    -0.200924     99
    0.759050     1.819334     1.339751     2.724512     99
    0.759050    -2.202568    -1.431084     0.351616     99
    0.759050     0.392671    -0.534770     0.311595     99
    0.759050     0.422355    -1.453030     0.730786     99
    0.759050    -2.283317    -0.695624    -0.242159     99
    0.759050    -1.102015    -1.567653     0.246593     99
    0.759050    -1.016079     0.022004    -0.152652     99
    0.759050     0.476471     0.200160     0.528436     99
   -1.071250     1.900302     0.133274    -2.279587    100
   -1.071250    -1.264261    -1.026122    -2.677929    100
   -1.071250    -1.556208     0.153456    -3.793541    100
   -1.071250     0.897476     1.050405    -2.333043    100
   -1.071250    -0.994685    -2.431085    -3.041362    100
   -1.071250    -0.818787     0.738520    -2.747512    100
   -1.071250    -2.332387     0.009285    -2.571017    100
   -1.071250    -1.429957    -0.240979    -3.328982    100
   -1.071250     0.545204    -1.820717    -0.802594    100
   -1.071250    -0.235762     0.906714    -2.741823    100
