    4.197914     3.011446     4.589282    10.308137      1
    4.197914     2.626475     4.012610    11.453267      1
    4.197914     5.386153     2.470737     2.567876      1
    4.197914     5.057397     2.644283     5.161109      1
    4.197914     2.577875     3.197373     7.559273      1
    4.197914     3.365455     4.634817    12.720338      1
    4.197914     3.480802     2.814864     6.113578      1
    4.197914     4.730793     2.026786     3.736084      1
    4.197914     2.332114     4.892150    11.922396      1
    4.197914     4.191518     3.239840     7.457215      1
    2.887592     2.489293     0.845064     5.611734      2
    2.887592     3.165747     0.968560     3.030283      2
    2.887592     7.320536     2.236421     7.879042      2
    2.887592     4.100684     1.813922     5.097309      2
    2.887592     0.514810    -0.239492     3.145884      2
    2.887592     4.529003     1.671295     6.534238      2
    2.887592    10.410947     3.488894    10.653778      2
    2.887592     6.081987     1.123362     5.095728      2
    2.887592     1.938861    -0.023039     1.934828      2
    2.887592     3.417871     0.182258     3.718176      2
    4.920948     5.057004     3.811803     5.497931      3
    4.920948     5.021970     3.593033     6.270376      3
    4.920948     4.243788     3.560140     5.204438      3
    4.920948     3.429704     2.733580     3.713837      3
    4.920948     4.617105     2.475029     2.701198      3
    4.920948     3.151595     2.826047     3.257049      3
    4.920948     3.531384     3.902175     6.240880      3
    4.920948     4.028988     2.460036     2.291583      3
    4.920948     2.194326     2.058379     3.078651      3
    4.920948     1.787122     1.608267     1.841519      3
    1.572050     2.637697    -0.947932     2.637058      4
    1.572050     3.400495     0.925799     5.575504      4
    1.572050     2.523874     0.521304     4.158687      4
    1.572050     4.140456     1.340518     6.620833      4
    1.572050     1.806372     2.330123     4.431433      4
    1.572050     2.433133    -0.438783     5.457444      4
    1.572050     4.152717     1.456515     6.859252      4
    1.572050     4.955421     0.181044     5.830119      4
    1.572050     5.411553     3.707274     7.186794      4
    1.572050     4.621841     1.268513     5.906409      4
    2.863307     4.465719     2.023194     6.977095      5
    2.863307     3.170284     1.269057     4.809264      5
    2.863307     5.420605     1.855072     4.809554      5
    2.863307     5.179114     1.245317     5.909250      5
    2.863307     3.102365     1.318508     6.678831      5
    2.863307     3.083925     0.689146     4.379919      5
    2.863307     2.776948     0.580725     1.946598      5
    2.863307     4.735675     3.732991    10.751801      5
    2.863307     3.203420     0.835691     4.172564      5
    2.863307     4.570896     2.860762     8.491366      5
    2.788009    -0.389703     1.296315     4.344653      6
    2.788009     0.606912     1.633294     5.298879      6
    2.788009    -2.525442     0.219479     2.334751      6
    2.788009     5.016238     1.995054     6.796725      6
    2.788009     3.423803     1.319370     6.189221      6
    2.788009     5.868457     2.579756     8.369827      6
    2.788009     6.182871     1.932877     7.790053      6
    2.788009    10.520760     2.718334    11.064629      6
    2.788009     9.288751     3.553699    11.033565      6
    2.788009     5.196736     1.609604     6.540771      6
    1.664590    -2.643715     0.213694     3.785720      7
    1.664590     5.845037     2.402088     8.105620      7
    1.664590    -0.897858    -0.343842     3.412824      7
    1.664590     2.089350     1.894794     6.044245      7
    1.664590    -0.640612     0.911767     4.003524      7
    1.664590     1.238537     0.714723     4.680441      7
    1.664590     3.250964     1.355530     7.013016      7
    1.664590     1.862404     1.142615     6.167629      7
    1.664590     5.583114     1.976449     7.010530      7
    1.664590     1.902684     1.765159     5.561609      7
    2.316075     1.162019     2.352882     4.565500      8
    2.316075     5.533016     2.220337     6.461037      8
    2.316075     3.153340     0.768603     3.490724      8
    2.316075     1.964822     0.694947     3.829958      8
    2.316075     5.576528     2.168513     6.109489      8
    2.316075     3.541008     1.996885     4.068127      8
    2.316075     4.064835     1.707605     4.843975      8
    2.316075     4.124700     2.487508     5.948596      8
    2.316075     2.084644     1.344106     3.242614      8
    2.316075    -0.029019     0.583489     2.478139      8
    2.779588     5.007829     1.263706     6.251948      9
    2.779588     6.354753     1.024429     7.995661      9
    2.779588     9.220993     2.404861     9.426221      9
    2.779588     1.491001     0.803345     4.713969      9
    2.779588     5.364579     1.242537     6.988383      9
    2.779588     9.991989     2.912212    10.452975      9
    2.779588    -0.696228    -0.077398     3.919911      9
    2.779588    10.064839     1.147441     8.881444      9
    2.779588     9.448213     2.934980     9.862349      9
    2.779588    -0.792208     0.527659     3.820204      9
    3.240795     4.040629     0.042395    -1.013558     10
    3.240795     7.346830     3.133873     7.847603     10
    3.240795     5.970598     1.395053     3.630839     10
    3.240795     5.588004     1.615950     3.269313     10
    3.240795     6.747804     3.256070     9.891617     10
    3.240795     5.459718     1.915408     5.146189     10
    3.240795     6.856951     2.813256     9.316256     10
    3.240795     7.961530     2.802866     9.307074     10
    3.240795     5.775126     1.899751     6.217856     10
    3.240795     5.822705     1.287230     3.555058     10
    4.035148     7.304961     3.048703     7.713905     11
    4.035148     5.851061     2.304837     7.016898     11
    4.035148     1.857307     1.536718     4.987362     11
    4.035148     4.106638     2.389053     5.437966     11
    4.035148    14.795893     3.777370    12.453020     11
    4.035148    12.127080     3.488351    10.282748     11
    4.035148     6.875849     1.907867     6.388884     11
    4.035148     9.108657     2.496679     7.892135     11
    4.035148    14.020843     4.198967    12.481013     11
    4.035148     8.162858     2.826145     7.500423     11
    1.876248     5.001675     1.469979     4.080377     12
    1.876248     1.755779    -0.074595    -0.247330     12
    1.876248     3.031717     0.084768     0.676852     12
    1.876248     4.654036     2.187748     5.771889     12
    1.876248     2.984671     0.441032     2.209687     12
    1.876248     1.519054    -2.087465    -2.931280     12
    1.876248     4.912745     1.988886     5.198219     12
    1.876248     4.591871    -0.512654     1.055932     12
    1.876248     5.466325     1.176854     5.950255     12
    1.876248     6.534517     2.382892     5.666806     12
    3.759520     8.689976     3.601159     9.612646     13
    3.759520     1.361123     1.751584     4.096719     13
    3.759520    -5.976369     0.969444     1.045625     13
    3.759520    11.202958     3.584959    10.076188     13
    3.759520    11.046384     3.790447    10.169230     13
    3.759520    -4.936917     0.934007     2.726907     13
    3.759520    -0.040314     1.724951     4.543315     13
    3.759520    -8.887957     0.841002     0.300085     13
    3.759520    -8.229753     0.966239     0.779129     13
    3.759520    -1.169964     1.401799     3.588577     13
    3.369842     1.437851     2.086455     6.959531     14
    3.369842     2.812947     2.572269     7.340988     14
    3.369842     2.190653     2.349424     7.827448     14
    3.369842     8.578499     3.955867    11.529179     14
    3.369842     4.916570     3.489482     9.955772     14
    3.369842    -0.570940     1.695920     6.248901     14
    3.369842     4.779083     3.303223     8.981352     14
    3.369842     1.467922     1.690306     7.173609     14
    3.369842     6.398528     1.888731     8.436574     14
    3.369842     2.917172     2.016071     7.851194     14
    1.927725     5.418027     3.736411     8.625970     15
    1.927725     2.167877     2.530893     4.135033     15
    1.927725     4.598319     2.595866     7.431657     15
    1.927725     6.290200     3.603554    10.143063     15
    1.927725     6.922666     5.362412    12.232813     15
    1.927725     2.005449     2.200503     4.341656     15
    1.927725     6.169031     4.619909    10.787294     15
    1.927725     4.814886     3.141865     6.577621     15
    1.927725     3.087696     3.015215     7.181115     15
    1.927725     2.429830     2.057515     4.644028     15
    4.724525     1.960331     1.489652     2.136232     16
    4.724525    -2.526099    -0.144106    -2.156609     16
    4.724525     7.285189     2.908620     7.357844     16
    4.724525     4.904422     2.339135     5.795223     16
    4.724525     4.856463     2.336420     6.448939     16
    4.724525     1.863421     1.437723     2.342911     16
    4.724525     4.456185     1.808280     3.819947     16
    4.724525     5.637176     2.824706     7.370944     16
    4.724525     4.969780     2.119048     5.212023     16
    4.724525     7.921388     3.506577    10.968423     16
    2.988488     1.804828     0.511461     3.855297     17
    2.988488     0.942530     1.683304     5.171850     17
    2.988488     1.427719     1.168668     4.135156     17
    2.988488     3.587793     0.800484     5.605458     17
    2.988488     2.762749     0.990042     5.824189     17
    2.988488     2.520006     0.876604     3.998498     17
    2.988488     1.380104     0.802542     3.775325     17
    2.988488     4.887211     2.698800     9.260466     17
    2.988488     3.180126     1.415819     4.418179     17
    2.988488     2.728339     1.485034     6.060171     17
    2.327055     3.806293     2.367286     4.748344     18
    2.327055     4.336691     2.976742     6.270668     18
    2.327055     1.860720     1.979689     2.231316     18
    2.327055     4.975478     2.197936     3.602672     18
    2.327055     3.395591     1.657993     2.709834     18
    2.327055     2.035165     3.079168     5.367710     18
    2.327055     0.618592     1.429780     1.808794     18
    2.327055     3.111081     1.878990     4.063100     18
    2.327055     0.820071     0.765143     0.198310     18
    2.327055     1.932144     2.097892     2.709502     18
    3.133384     6.272120     4.165212     7.091983     19
    3.133384     4.985716     4.262019     6.283893     19
    3.133384     3.471419     3.536624     5.106008     19
    3.133384     6.033695     3.995485     6.228078     19
    3.133384    -1.277496     1.944644     1.781754     19
    3.133384     5.604479     4.334079     6.923579     19
    3.133384     2.350619     2.353557     4.032193     19
    3.133384     3.773727     3.804519     5.550380     19
    3.133384     6.493418     3.998654     7.125778     19
    3.133384    15.858283     6.864805    15.156790     19
    2.997621     5.678819     1.812800     5.718551     20
    2.997621     9.534921     3.521727     9.980586     20
    2.997621     4.744126     1.605180     4.575502     20
    2.997621    13.462780     4.108637    12.121418     20
    2.997621    13.933716     3.312575    11.243213     20
    2.997621    11.999635     3.043312     9.319276     20
    2.997621     6.615719     2.481158     7.452681     20
    2.997621     4.151378     1.724352     5.060596     20
    2.997621     5.949686     2.098658     5.619574     20
    2.997621     5.174406     1.838653     5.809449     20
    3.020888     6.186046     3.354958     6.839541     21
    3.020888     3.505977     2.761590     5.903392     21
    3.020888     6.238024     3.189567     6.413692     21
    3.020888     1.186327     2.101270     3.253757     21
    3.020888    -1.014356     0.993061     2.220891     21
    3.020888     5.043827     3.043505     6.537336     21
    3.020888     5.534627     3.248598     7.718495     21
    3.020888     1.804352     2.207607     2.772187     21
    3.020888    -4.973463     0.646791    -1.861772     21
    3.020888     4.720700     2.817153     6.778235     21
    2.664390     1.876856     0.713520     0.890629     22
    2.664390    10.245030     3.590173     8.236103     22
    2.664390     5.342623     3.122730     6.587371     22
    2.664390     7.813177     3.142435     7.290748     22
    2.664390     3.724256     1.302684     4.174507     22
    2.664390     4.809326     1.097627     3.801096     22
    2.664390     4.081733     1.513061     3.044805     22
    2.664390     7.019185     3.091360     6.392910     22
    2.664390     3.134284     0.894478     4.762042     22
    2.664390     1.859563     1.335896     3.145585     22
    2.083691    11.091193     4.320570     9.565341     23
    2.083691     7.906079     3.294882     8.246710     23
    2.083691     0.501496    -0.677962     4.216937     23
    2.083691     8.383658     1.731602     8.373471     23
    2.083691     3.769464     1.773010     6.289494     23
    2.083691     2.819179     0.982628     5.966666     23
    2.083691     5.904826     3.133075     7.506477     23
    2.083691     4.398672     2.265816     6.612996     23
    2.083691    -1.269072    -0.199770     3.932399     23
    2.083691     2.154135     1.014513     5.712577     23
    3.897330     2.754876     3.250217     5.421178     24
    3.897330     5.713043     4.170210     7.604762     24
    3.897330     3.686719     3.499919     4.057764     24
    3.897330     6.227543     3.697370     7.261975     24
    3.897330     2.565969     2.930710     4.164196     24
    3.897330     2.616558     2.929492     4.237117     24
    3.897330     3.945413     3.903634     6.729542     24
    3.897330     2.150494     1.601109     3.530795     24
    3.897330     2.500858     3.103834     3.846432     24
    3.897330     4.156866     3.334336     6.072295     24
    2.941758     0.736756     0.780883     3.061071     25
    2.941758     2.955355     0.997142     3.266594     25
    2.941758     7.551813     2.001418     7.663860     25
    2.941758     1.069075     1.013493     2.910110     25
    2.941758     6.691411     2.966159     7.857659     25
    2.941758     1.425437     0.592240     3.480778     25
    2.941758     7.886072     2.427571     8.124523     25
    2.941758     3.092437     2.175442     5.761203     25
    2.941758     5.979547     1.857723     7.018267     25
    2.941758     0.901521     0.317001     2.442525     25
    3.353112    -2.011897     3.033930     4.645754     26
    3.353112     1.803378     4.273964     5.446231     26
    3.353112     8.163354     5.059745    10.250372     26
    3.353112     0.448241     3.972134     6.157293     26
    3.353112     3.630497     4.496752     7.534057     26
    3.353112    13.005463     5.740538    13.768109     26
    3.353112    -2.132361     2.463075     4.178930     26
    3.353112     7.917891     5.460939    11.077640     26
    3.353112    -1.089740     2.841508     4.696032     26
    3.353112     3.578070     4.550205     7.645466     26
    1.483294     3.325493     1.762107     4.881153     27
    1.483294     1.226461     1.052980     2.590090     27
    1.483294     3.431125     2.123118     3.880230     27
    1.483294     1.179269     0.774195     2.438685     27
    1.483294     7.381227     3.404458     5.943440     27
    1.483294     3.738474     2.672030     4.464568     27
    1.483294     8.475698     2.986584     7.558680     27
    1.483294     1.496322     0.826262     1.200807     27
    1.483294     8.411514     3.105034     6.291647     27
    1.483294     4.343475     2.212853     4.580047     27
    2.184645     5.295689     3.035539     6.842559     28
    2.184645     0.727489     1.715028     2.908135     28
    2.184645     2.680888     2.776020     4.634504     28
    2.184645     5.398169     2.455125     5.417769     28
    2.184645     5.771284     3.242802     6.966322     28
    2.184645     0.210022     2.378567     3.414871     28
    2.184645     4.732956     3.165576     5.954207     28
    2.184645     3.689542     1.893701     4.198617     28
    2.184645    -2.808814     0.210428     0.324573     28
    2.184645     3.130332     2.133228     5.408949     28
    2.388079     0.214543     0.511150     1.516117     29
    2.388079     5.197511     2.160360     7.165462     29
    2.388079     5.488583     3.244844     9.279661     29
    2.388079     3.230957     1.123570     4.610046     29
    2.388079     2.919210     0.660180     3.792990     29
    2.388079     3.374480     1.790786     6.645771     29
    2.388079     4.675644     2.165425     7.736125     29
    2.388079     6.525570     2.541905     8.207285     29
    2.388079     8.693178     3.874037    10.698945     29
    2.388079     1.826547     1.687750     5.266517     29
    3.650498     3.996378     1.175920     3.731499     30
    3.650498     8.012722     1.905227     7.224757     30
    3.650498    -0.481708    -0.331357     1.110585     30
    3.650498    -0.775831    -0.324560     1.441643     30
    3.650498    -0.476475     0.164606     0.851957     30
    3.650498     1.337750    -0.043595     0.857665     30
    3.650498     3.486263     0.253560     3.499047     30
    3.650498     4.486263     1.447596     5.192613     30
    3.650498     8.057072     1.698742     6.678171     30
    3.650498     2.283515     1.269144     4.890961     30
    2.906368    10.517502     2.649525    12.154982     31
    2.906368     4.976691     1.021820     8.793529     31
    2.906368     3.456064     0.885897     6.989423     31
    2.906368     4.532912     0.860005     6.514398     31
    2.906368     5.169158     0.640969     8.313679     31
    2.906368    11.803142     2.680515    13.539413     31
    2.906368     9.151302     1.627804    11.841471     31
    2.906368     1.059464     0.294937     6.051054     31
    2.906368    10.689961     2.496686    13.740848     31
    2.906368     4.635453     0.432114     7.379911     31
    3.540880    -1.359345    -0.098624     2.287766     32
    3.540880     5.591512     1.556744     6.919995     32
    3.540880    -0.179297     0.729658     3.653219     32
    3.540880    -0.219140     0.570116     3.745620     32
    3.540880    15.357745     3.392556    11.986108     32
    3.540880     9.220489     2.108354     9.933383     32
    3.540880     0.746489     0.419448     3.759792     32
    3.540880     8.581232     1.764602     8.193057     32
    3.540880    -2.754570    -0.401208     2.016166     32
    3.540880    -0.520260     0.751208     2.892403     32
    1.315692     5.097810     2.791840     5.599656     33
    1.315692     3.580505     1.329342     3.577903     33
    1.315692     5.175793     1.684957     6.048594     33
    1.315692     1.257740     0.438906     3.723091     33
    1.315692     5.202272     2.538402     6.325748     33
    1.315692     3.721937     1.857905     5.322261     33
    1.315692     3.267207     0.132802     2.216202     33
    1.315692     3.769624     0.571437     3.724468     33
    1.315692     7.744607     3.445184     8.242047     33
    1.315692     3.913053     1.005414     5.096128     33
    3.355404     4.094192     3.015589     7.009989     34
    3.355404    -3.124529     1.802985     3.732151     34
    3.355404     5.488694     2.765643     7.500623     34
    3.355404     5.619412     3.400409     7.068767     34
    3.355404    -2.042704     1.935834     4.035209     34
    3.355404     3.986273     3.642917     6.569770     34
    3.355404    -7.598758     1.001512     0.089113     34
    3.355404     1.578977     2.812642     6.073720     34
    3.355404     4.766629     3.199262     7.143687     34
    3.355404    -0.785916     2.563550     5.044549     34
    3.213726     5.164597     3.651533     7.316767     35
    3.213726     6.780968     3.444219     6.922593     35
    3.213726     5.718035     2.641951     6.168518     35
    3.213726     1.580667     1.375840     3.683984     35
    3.213726     5.105268     2.917269     6.627042     35
    3.213726     2.247549     1.422685     2.508406     35
    3.213726     4.653961     2.637855     5.917354     35
    3.213726     6.954539     2.104432     6.636431     35
    3.213726     6.904935     3.507894     6.716335     35
    3.213726     4.076306     2.848306     5.281641     35
    2.999267     6.653414     3.057364     5.987818     36
    2.999267     3.398924     3.141265     5.537434     36
    2.999267     4.747400     1.893342     5.165109     36
    2.999267     9.731414     4.028466     7.871393     36
    2.999267     3.016794     1.514869     2.213501     36
    2.999267     5.287266     2.894022     3.658930     36
    2.999267     6.101236     2.392613     4.508873     36
    2.999267     4.359227     2.420498     4.358062     36
    2.999267     4.496387     2.160400     4.537831     36
    2.999267     4.073662     2.562384     4.657587     36
    4.230851     1.050898     2.007715     3.145866     37
    4.230851     6.459919     2.332078     6.477190     37
    4.230851     8.803613     3.322272     9.101804     37
    4.230851     9.846628     3.438954     9.576227     37
    4.230851     3.706198     2.448091     4.820071     37
    4.230851    16.579213     4.479593    13.505026     37
    4.230851     0.830438     1.436870     3.012041     37
    4.230851    10.513176     3.221635     9.053381     37
    4.230851     5.086471     2.347890     6.429089     37
    4.230851     4.249342     1.961109     5.698890     37
    3.067393    -0.464888     0.224265     2.606803     38
    3.067393     0.835068     1.359710     3.550170     38
    3.067393     2.488487     0.623950     3.817575     38
    3.067393     1.611892     1.461069     3.359737     38
    3.067393     1.360677     0.741594     4.055976     38
    3.067393     7.614997     3.280636     7.104543     38
    3.067393     5.192863     3.165351     5.970569     38
    3.067393    -0.003763     1.254892     3.053118     38
    3.067393     6.894014     1.843755     6.110101     38
    3.067393    -0.385374     0.377094     2.731834     38
    4.206118     2.520412     4.359844     6.608489     39
    4.206118     2.110769     4.864906     6.232569     39
    4.206118    10.856424     6.738716    14.311213     39
    4.206118     1.865195     4.500000     5.867550     39
    4.206118    10.836505     5.928382    11.803700     39
    4.206118     4.851380     5.091602     7.738482     39
    4.206118     0.777263     4.178544     4.179903     39
    4.206118     9.689664     5.197517    11.923980     39
    4.206118     6.686163     5.022427     8.989826     39
    4.206118    -1.631524     4.087074     3.406175     39
    3.116348     2.828350     2.529415     4.413238     40
    3.116348     3.575735     3.332632     9.199730     40
    3.116348     6.105793     4.309858    12.014547     40
    3.116348     4.125965     3.155886     8.929089     40
    3.116348     1.865889     2.696485     7.340697     40
    3.116348     1.984241     2.339771     5.330891     40
    3.116348     4.252347     3.170997     5.777830     40
    3.116348     2.943366     3.070454     5.535356     40
    3.116348     2.147712     2.538538     4.862504     40
    3.116348     2.139311     1.684090     4.081237     40
    3.495632     5.764961     2.875953     4.436924     41
    3.495632     4.753488     2.118193     2.715509     41
    3.495632     7.039773     4.471531     8.882264     41
    3.495632     1.957923     1.564618     1.529478     41
    3.495632     1.932615     1.828264     2.422201     41
    3.495632     3.212271     3.087432     3.644528     41
    3.495632     6.574940     3.439144     5.513329     41
    3.495632     6.872208     3.352713     7.263843     41
    3.495632     2.217461     0.828902    -1.158905     41
    3.495632     6.167817     3.377063     6.597288     41
    2.884773     6.952351     1.540617     4.275671     42
    2.884773     5.202283     0.190872     2.791664     42
    2.884773     2.445949     2.529650     4.147133     42
    2.884773     5.711107     3.440194     7.559537     42
    2.884773     5.190847     2.334385     4.815243     42
    2.884773     5.090020     1.672726     3.976982     42
    2.884773     6.628538     1.777028     4.381912     42
    2.884773     4.672572     2.317336     4.937999     42
    2.884773     5.981017     1.829410     3.160265     42
    2.884773     2.180107    -0.142166    -0.350724     42
    2.497521     3.326256     0.313791     3.848936     43
    2.497521     7.263497     3.194583     9.295137     43
    2.497521     9.750862     3.418854    10.694344     43
    2.497521     2.579114     0.775586     0.921093     43
    2.497521     5.181025     2.502846     7.113571     43
    2.497521     8.984483     4.059864    11.039015     43
    2.497521     8.397183     3.694439    12.093084     43
    2.497521     8.963234     3.340078     9.424297     43
    2.497521     7.850752     2.855110     9.196297     43
    2.497521     2.966285     1.092299     6.052645     43
    2.190285     5.180156     1.950728     5.903116     44
    2.190285     1.260848    -0.027683     3.393568     44
    2.190285     1.818701     0.265697     3.983054     44
    2.190285     2.456024    -0.371517     3.040842     44
    2.190285     4.808752     1.048418     5.657327     44
    2.190285     6.894435     2.064810     5.821068     44
    2.190285     4.628119     0.128975     5.174204     44
    2.190285     4.769051     0.840839     5.949566     44
    2.190285     1.903164     0.381693     2.468515     44
    2.190285     1.135468    -0.085087     3.890895     44
    2.245221     5.120354     2.765855     3.729740     45
    2.245221     8.105628     2.732511     5.963645     45
    2.245221     3.612332     1.734769     2.739522     45
    2.245221    10.256549     3.333563     6.157982     45
    2.245221     5.341966     2.727680     4.759173     45
    2.245221     6.150456     3.650882     4.989233     45
    2.245221     3.637279     3.375895     4.116051     45
    2.245221     3.353491     2.791800     3.511784     45
    2.245221     4.915332     2.994844     4.108228     45
    2.245221     5.526555     2.055570     4.176771     45
    3.964811     8.765307     2.678824     7.406709     46
    3.964811     4.720326     2.490818     6.389136     46
    3.964811    13.788646     4.027780    11.804681     46
    3.964811     4.417342     2.157530     4.139606     46
    3.964811    14.330672     3.518058    11.830040     46
    3.964811     9.994356     3.195769     8.794382     46
    3.964811    -5.363806    -0.687911    -1.708879     46
    3.964811    12.329668     3.266580     9.241591     46
    3.964811     7.280963     2.528488     6.868020     46
    3.964811    16.419847     4.336057    12.363073     46
    3.105664     3.866970     2.590363     7.531163     47
    3.105664     5.436900     2.404675     7.453058     47
    3.105664     5.223755     2.943879     7.649277     47
    3.105664     3.135208     2.179522     5.567607     47
    3.105664     1.795368     1.609438     3.390176     47
    3.105664     7.275799     4.530890    11.631092     47
    3.105664     3.259344     2.658967     6.242595     47
    3.105664     5.078954     3.878910    10.116792     47
    3.105664     4.561981     2.387039     5.122955     47
    3.105664     3.369757     1.847179     5.996620     47
    1.646735     7.794375     0.101196     6.676881     48
    1.646735     5.749701     0.094238     5.874838     48
    1.646735     3.058916    -0.862229     4.484575     48
    1.646735     7.442448     0.197920     7.080443     48
    1.646735     5.604139    -0.704873     5.663444     48
    1.646735     4.349318    -0.376576     5.673561     48
    1.646735    -0.017827    -1.943607     1.038405     48
    1.646735     0.372499    -1.176700     1.399076     48
    1.646735     7.011874     0.382841     6.450052     48
    1.646735     2.000806    -1.056515     2.043136     48
    3.351864     4.627622     1.038180     4.645790     49
    3.351864     6.498297     0.960653     6.261965     49
    3.351864     1.315453     0.041495     1.694435     49
    3.351864     3.423300     0.368145     3.248859     49
    3.351864     9.706556     2.474227     8.156995     49
    3.351864    10.274903     1.724702     7.165448     49
    3.351864     6.917175     1.655626     6.913273     49
    3.351864     5.759071     1.699950     6.231049     49
    3.351864     7.627447     2.354783     7.511815     49
    3.351864     6.186168     1.248367     6.111048     49
    2.859608     3.242469     2.079530     3.366085     50
    2.859608     4.679842     2.136849     3.600382     50
    2.859608     3.349615     1.916477     2.651610     50
    2.859608     3.711828     2.252777     2.068814     50
    2.859608    -0.821811     0.464242     0.059964     50
    2.859608     1.826753     1.782736     1.988424     50
    2.859608     8.901343     3.197700     7.166822     50
    2.859608     6.829474     2.225514     5.439928     50
    2.859608     5.404407     2.442842     3.972639     50
    2.859608     3.866875     1.342664     3.322093     50
    2.952534     3.254621     1.088794     4.303301     51
    2.952534     0.937652     1.955554     5.107083     51
    2.952534     6.029135     2.407901     8.193463     51
    2.952534     0.832468     1.126217     3.276501     51
    2.952534     2.113645     1.620708     3.647472     51
    2.952534    -3.285371    -0.138394    -0.739673     51
    2.952534     8.390945     3.997090    12.932989     51
    2.952534     6.103190     2.784220    10.346065     51
    2.952534     8.456416     3.989035    11.906000     51
    2.952534     5.142458     1.820413     6.313427     51
    2.403134     5.284761     2.388450     7.038317     52
    2.403134    -0.446659     0.953624     4.584615     52
    2.403134    -1.489014     0.716228     4.503780     52
    2.403134     1.973703     1.165484     6.146666     52
    2.403134     4.938701     1.620189     8.494514     52
    2.403134     3.753958     0.931661     6.547158     52
    2.403134    -3.595140    -0.624555     1.741706     52
    2.403134     0.523460     1.429841     4.734648     52
    2.403134    -2.282074     0.388611     3.035237     52
    2.403134    -0.112255     0.566099     4.176840     52
    5.239550    13.839621     2.727968    11.833513     53
    5.239550    10.126514     1.845347     8.840399     53
    5.239550    12.255151     1.822801    10.435791     53
    5.239550    -3.064517    -0.315833     1.996519     53
    5.239550     4.024188     0.783672     5.023223     53
    5.239550     6.750361     1.117009     6.203327     53
    5.239550     6.746255     0.536950     8.018381     53
    5.239550    -5.190190    -0.515705    -0.902065     53
    5.239550    11.505316     1.688393     9.771889     53
    5.239550    -2.764227    -0.185615     0.554358     53
    1.305585     2.751588     1.566028     4.318735     54
    1.305585     3.118977     0.151732     2.523908     54
    1.305585     3.878462     1.275889     3.324109     54
    1.305585     3.859573     1.073749     4.582737     54
    1.305585     3.844492     2.586374     6.921836     54
    1.305585     3.690946     1.457460     3.848596     54
    1.305585     1.214998     0.914696     4.154380     54
    1.305585     4.287213     0.660321     3.608107     54
    1.305585     2.537217    -0.092724     4.048122     54
    1.305585     3.268503     2.092153     4.761227     54
    3.417542     3.099777     1.707083     5.442518     55
    3.417542     2.037384     2.214574     5.263492     55
    3.417542     3.012693     3.058235     7.042525     55
    3.417542     1.471024     2.217239     5.874906     55
    3.417542     2.394709     2.660542     5.925763     55
    3.417542     2.347733     2.158170     4.268443     55
    3.417542     2.908196     1.202372     3.524611     55
    3.417542     0.901637     2.456826     6.572346     55
    3.417542     3.038848     1.456551     4.826350     55
    3.417542     1.345651     1.068475     5.057880     55
    2.863385     5.888492     1.177418     5.327604     56
    2.863385     4.683704     0.635098     3.663620     56
    2.863385     5.165121     1.037530     4.067701     56
    2.863385     8.885152     2.466280     8.519179     56
    2.863385     8.858386     2.318053     7.323747     56
    2.863385     6.075911     1.190117     5.898045     56
    2.863385     6.651587     1.615041     5.362542     56
    2.863385    10.031037     1.837276     7.641595     56
    2.863385     1.160706    -0.444010     0.889615     56
    2.863385    -0.948078    -1.504536    -2.204497     56
    3.429234    -1.629420     2.789448     2.391485     57
    3.429234     5.246044     3.513597     9.421174     57
    3.429234    -0.372343     2.365513     3.181464     57
    3.429234     4.672161     4.136499    10.118452     57
    3.429234     0.139459     2.558070     2.870885     57
    3.429234     4.596981     4.161643     9.514385     57
    3.429234     5.380433     3.539346     7.418315     57
    3.429234     3.026965     3.671679     9.465635     57
    3.429234     2.700023     3.180824     5.609513     57
    3.429234     8.036669     4.853172    11.280110     57
    2.737725     5.539412     3.719407     7.363836     58
    2.737725     3.816210     1.676445     2.154880     58
    2.737725     9.471760     3.959280     9.046495     58
    2.737725     4.527555     2.723159     2.206955     58
    2.737725     2.768477     2.132939     2.134580     58
    2.737725    -0.165183     0.093480    -1.201087     58
    2.737725     2.533557     1.714593     3.248565     58
    2.737725     4.315653     1.966299     4.056931     58
    2.737725     3.432190     1.486200     1.012005     58
    2.737725     5.489339     2.932189     4.948632     58
    2.009801     1.873165     3.880210     8.963626     59
    2.009801     0.940918     2.652643     7.158764     59
    2.009801     3.483615     3.987742     8.471972     59
    2.009801     0.908737     2.153095     6.096425     59
    2.009801     2.182950     2.715866     7.555978     59
    2.009801    -1.728261     2.106952     5.556802     59
    2.009801    -0.946865     1.591071     4.892379     59
    2.009801     0.091529     2.276138     5.771127     59
    2.009801     1.163836     2.505990     6.843781     59
    2.009801     1.460011     2.513926     7.007662     59
    2.967642     4.324559    -0.014710     5.158897     60
    2.967642     1.092257    -0.344951     3.373114     60
    2.967642     5.518479     0.912201     6.135141     60
    2.967642     7.879045     2.156864     9.932141     60
    2.967642    14.195875     3.631672    13.578207     60
    2.967642     1.461060     0.966644     4.849454     60
    2.967642     3.669680    -0.041599     4.292068     60
    2.967642    -0.028151    -0.208107     3.281494     60
    2.967642     0.541276    -0.708724     3.555274     60
    2.967642     8.921138     1.441028     8.885547     60
    1.081124     4.058764     3.347309     7.515128     61
    1.081124    -0.486410    -0.746500     3.162612     61
    1.081124    -1.678585     0.931848     2.784324     61
    1.081124     1.515752     2.074192     4.734115     61
    1.081124     1.039352     1.699359     5.790108     61
    1.081124     0.836237     1.705414     4.506301     61
    1.081124     2.657915     0.940123     4.251863     61
    1.081124    -0.118254     0.179502     3.011285     61
    1.081124     1.722797     0.929337     5.281427     61
    1.081124     1.285444     1.177429     4.891042     61
    2.400206     4.864882     3.878936     6.891057     62
    2.400206    -0.695856    -0.033233    -0.358257     62
    2.400206     3.309438     2.514682     6.709326     62
    2.400206     3.669063     1.079161     4.179237     62
    2.400206     3.876600     1.241686     5.005176     62
    2.400206     5.933693     2.395842     6.990820     62
    2.400206     3.462308     2.630230     5.229006     62
    2.400206     2.693738     0.797559     2.801404     62
    2.400206     3.672026     1.112225     4.863291     62
    2.400206     1.486648     0.787952     2.165997     62
    2.804739     0.253180     0.213966     2.360820     63
    2.804739     4.973826     1.932853     4.839746     63
    2.804739     1.360474     1.015553     3.233683     63
    2.804739     3.937627     1.545141     4.569105     63
    2.804739     3.979641     1.902908     5.638267     63
    2.804739     0.277365     1.433006     2.797778     63
    2.804739     0.087603     0.743501     2.667636     63
    2.804739    -0.465513     0.492607     2.331245     63
    2.804739    10.805829     3.389678     6.476185     63
    2.804739     4.432264     3.212227     3.529743     63
    4.968857    -4.331591     0.934542    -0.720386     64
    4.968857     3.591618     1.934166     2.906011     64
    4.968857     5.561211     2.549158     5.451012     64
    4.968857    -2.056898     1.284364     0.635858     64
    4.968857     1.702561     2.255180     2.716595     64
    4.968857    12.036907     4.226518    10.125851     64
    4.968857     7.296481     2.721819     6.850824     64
    4.968857    -7.177304     0.065628    -3.710593     64
    4.968857     6.325991     2.263022     5.371939     64
    4.968857     0.767775     1.674259     2.472508     64
    3.057579     1.151081     1.577580     4.290224     65
    3.057579     6.392154     2.437040     7.946033     65
    3.057579    -2.711872     1.518107     3.042347     65
    3.057579     7.412901     2.512567     8.848572     65
    3.057579     6.992502     2.433567     8.029431     65
    3.057579     2.227113     1.919983     4.812303     65
    3.057579     4.526926     2.296776     6.712964     65
    3.057579     4.630230     2.062556     7.353722     65
    3.057579     5.781318     2.211462     7.586072     65
    3.057579     3.243252     1.994913     6.618395     65
    3.885384    -0.264318     3.744629     4.124755     66
    3.885384    12.350305     4.811821    10.264596     66
    3.885384    -1.501174     2.866037     2.705446     66
    3.885384     1.583321     3.535081     4.297854     66
    3.885384     2.966949     4.131038     6.152522     66
    3.885384     7.142469     5.187008     7.161617     66
    3.885384    -3.181283     2.944998     3.321399     66
    3.885384    -2.848917     2.466541     3.286474     66
    3.885384     0.547975     2.914857     5.044968     66
    3.885384     6.677815     4.121260     6.508417     66
    4.542458     8.075098     4.043498    11.184498     67
    4.542458    17.122774     5.841623    19.532354     67
    4.542458    -1.615965     1.098932     1.177086     67
    4.542458     9.664929     4.581287    12.083008     67
    4.542458     6.316682     3.001552     8.102213     67
    4.542458     1.070631     2.997747     6.068350     67
    4.542458     2.832458     2.240509     5.264033     67
    4.542458     9.040324     3.738328    11.667543     67
    4.542458    -0.025874     1.682847     2.561931     67
    4.542458    15.244008     4.879448    15.959909     67
    2.879662     4.558168     4.017193     8.485811     68
    2.879662     0.818871     2.477080     5.611159     68
    2.879662     1.550116     1.820522     4.126349     68
    2.879662     2.311807     2.951142     5.427413     68
    2.879662     3.511222     3.499937     7.497769     68
    2.879662     2.704589     2.458867     3.871031     68
    2.879662     4.147987     3.654012     7.180539     68
    2.879662     2.755023     1.673193     2.088987     68
    2.879662     4.403737     2.595467     3.843426     68
    2.879662     3.826435     1.739681     3.017542     68
    4.300092    20.156060     3.956824    14.788451     69
    4.300092    10.199974     2.937507     8.574908     69
    4.300092    10.211030     2.276919     7.248077     69
    4.300092     7.547541     2.795295     6.905369     69
    4.300092     4.323658     1.952026     5.086009     69
    4.300092     5.612086     1.937369     5.936106     69
    4.300092     1.504840     1.650406     2.990611     69
    4.300092    -7.142258    -0.041446    -0.950822     69
    4.300092    13.968246     3.349917    11.335661     69
    4.300092     7.653840     2.405219     7.174638     69
    3.641969     1.979690     2.887529     4.765420     70
    3.641969    -1.266273     1.802782     2.675589     70
    3.641969     2.550990     2.717153     4.421930     70
    3.641969     8.564815     4.929988    10.761157     70
    3.641969     4.016366     3.381309     5.955094     70
    3.641969    -0.063440     2.531747     2.048374     70
    3.641969     4.837752     3.415201     6.306346     70
    3.641969     1.220455     1.391729     2.197424     70
    3.641969     6.411830     4.315869     8.510261     70
    3.641969     6.965192     5.063570    10.266612     70
    4.186711     1.430854     0.415889     4.208838     71
    4.186711     7.296011     2.136431     9.846680     71
    4.186711     4.740480     1.886074     8.550476     71
    4.186711     1.171995     0.402099     4.459699     71
    4.186711    -1.640343    -0.184791     2.035697     71
    4.186711     4.002670     1.185781     7.214609     71
    4.186711    -0.966006    -0.052168     2.327577     71
    4.186711     5.181619     1.763010     8.679176     71
    4.186711    -2.158643    -1.041621     0.785376     71
    4.186711     2.646051     1.086473     6.410317     71
    3.653639     8.996750     4.205744     9.171818     72
    3.653639    -1.770865     1.589847     1.994962     72
    3.653639     1.028497     1.952699     2.815079     72
    3.653639     1.275511     2.631544     5.188120     72
    3.653639     5.916147     2.946396     7.972601     72
    3.653639     5.936616     3.989781     8.552166     72
    3.653639     5.496034     3.771107     6.784501     72
    3.653639    -1.610523     0.879840     1.918695     72
    3.653639     2.547880     2.480618     5.429306     72
    3.653639    -2.961961     1.252308     1.337348     72
    3.217077     8.232319     1.227340     7.039636     73
    3.217077    10.437511     1.918354     8.255211     73
    3.217077     2.277995    -0.272003     2.306608     73
    3.217077     3.963147     0.692343     4.808889     73
    3.217077    -0.542466    -1.191074    -0.944715     73
    3.217077     9.626015     2.341980    10.509474     73
    3.217077     0.512181    -0.337212     1.993167     73
    3.217077     7.622963     1.245852     7.320213     73
    3.217077     4.924974     1.048053     4.751059     73
    3.217077     7.175125     1.582221     5.276040     73
    3.248347     6.783901     2.681092     8.521843     74
    3.248347     3.663956     1.612275     5.790292     74
    3.248347     3.502428     1.096119     4.408066     74
    3.248347     7.589499     2.576171     8.899200     74
    3.248347     6.159367     2.123049     7.416076     74
    3.248347    -2.198681    -0.009472    -0.689298     74
    3.248347     9.411297     3.075244    10.510177     74
    3.248347     4.155104     1.667297     4.254949     74
    3.248347     1.385467     0.842264     3.447254     74
    3.248347     3.091416     2.062869     5.854444     74
    3.852749     2.293232     1.811883     5.304766     75
    3.852749     5.701166     1.901429     5.956427     75
    3.852749     3.612106     1.943832     5.409191     75
    3.852749     1.716278     2.548514     4.557247     75
    3.852749     4.190780     2.247770     5.556251     75
    3.852749     2.089049     1.293404     4.206082     75
    3.852749     3.942641     1.559699     4.158705     75
    3.852749    -0.026347     0.109528     3.432638     75
    3.852749     4.551108     2.454305     6.101040     75
    3.852749     5.308009     2.101856     5.371745     75
    2.705222     4.138636     0.692565     4.868377     76
    2.705222     0.109322     0.637308     1.690522     76
    2.705222     2.392537     0.856229     3.672009     76
    2.705222    -1.981609     0.401940     1.756575     76
    2.705222     1.597687     0.867477     2.943328     76
    2.705222    -1.299986    -0.238382     2.521667     76
    2.705222    -3.443000    -1.698081     0.202481     76
    2.705222    -0.317711     0.010431     2.647654     76
    2.705222     7.499633     0.575156     5.400997     76
    2.705222    -1.448379     0.431345     2.132214     76
    1.824602     3.378562     1.471618     5.847103     77
    1.824602     2.576190     1.361183     6.737818     77
    1.824602     4.354834     1.700467     5.751647     77
    1.824602     4.515750     0.732124     3.525409     77
    1.824602     3.634721     2.204060     6.600654     77
    1.824602     4.330708     2.513014     8.262724     77
    1.824602     3.247615     1.297062     4.897653     77
    1.824602     3.657562     0.944436     4.412584     77
    1.824602     5.688133     2.969922     8.125725     77
    1.824602     5.156686     1.136383     7.080324     77
    3.096152     6.601279     3.475897     9.543321     78
    3.096152     2.541993     2.419857     3.839627     78
    3.096152     0.478168     1.577545     2.494287     78
    3.096152     3.303431     3.660050     8.289132     78
    3.096152     4.984521     3.656510     8.141953     78
    3.096152     2.684330     4.219226     7.100359     78
    3.096152     3.965868     3.575893     7.649452     78
    3.096152     1.539232     2.234124     3.963398     78
    3.096152     0.864453     2.407587     4.167942     78
    3.096152     2.710224     3.280617     6.604094     78
    1.880729    -0.650146     0.765990     2.431170     79
    1.880729     7.830549     3.220093     7.679656     79
    1.880729     2.774815     0.866388     4.501532     79
    1.880729     2.255979     1.101012     4.152658     79
    1.880729     2.978783     1.887824     4.745227     79
    1.880729    10.943006     3.775918     8.995427     79
    1.880729     2.389134     1.355485     4.184602     79
    1.880729     0.568247     0.474918     3.270474     79
    1.880729     5.686397     3.143761     6.804326     79
    1.880729     6.571876     2.504184     7.140710     79
    1.848292     2.275024    -0.727349     3.244972     80
    1.848292     1.544338    -0.157958     3.621011     80
    1.848292     5.015780     0.063981     5.477388     80
    1.848292     1.571057    -0.824377     3.265627     80
    1.848292     0.517264    -1.467154     2.857308     80
    1.848292     4.345884     0.353057     6.603911     80
    1.848292     3.980029     0.627168     6.251436     80
    1.848292     4.798301     0.825109     7.194954     80
    1.848292     3.216988     0.428720     5.062534     80
    1.848292     2.777055     0.722269     6.954974     80
    4.108366     1.152364     1.202133     1.681128     81
    4.108366     7.462148     2.910602     8.639881     81
    4.108366     6.883548     3.223104     9.654659     81
    4.108366     9.193592     3.428081    10.354662     81
    4.108366     3.005447     2.319271     5.499547     81
    4.108366     1.649613     1.956978     3.912944     81
    4.108366     7.521501     3.393601    10.080983     81
    4.108366     8.553476     2.764581     8.398141     81
    4.108366     6.582203     2.557192     7.237184     81
    4.108366     1.134470     1.670151     4.081206     81
    1.930110     2.408189     0.371136     1.832000     82
    1.930110     4.202080     0.654843     3.709439     82
    1.930110     4.240353     0.792601     3.738629     82
    1.930110     5.661884     1.247618     3.756406     82
    1.930110     0.102632    -1.573324     0.596562     82
    1.930110     5.059401     1.081003     5.294836     82
    1.930110     5.960105     1.684898     4.249481     82
    1.930110     3.995551     0.891005     4.142485     82
    1.930110     1.775476    -0.142340     1.727017     82
    1.930110     4.194930     0.860124     3.054646     82
    2.956177     8.783070     3.586352     7.591450     83
    2.956177     2.327560     2.797735     4.129616     83
    2.956177     7.799118     2.644041     6.764091     83
    2.956177     5.437248     2.955983     4.977927     83
    2.956177     5.717845     2.431036     5.109916     83
    2.956177    -0.999453     0.485760     0.496420     83
    2.956177    11.079531     3.295717     8.015940     83
    2.956177    -1.615096     0.282194    -0.113593     83
    2.956177     4.189960     1.797045     3.798335     83
    2.956177    -1.707938    -0.801555    -0.165763     83
    3.267164     4.757129     0.496673     4.163808     84
    3.267164     7.840955     1.043789     6.297082     84
    3.267164     9.192860     0.893016     7.758923     84
    3.267164    -0.173023    -0.518421     0.401539     84
    3.267164     6.699264     0.263573     5.429050     84
    3.267164     7.802399     0.816344     6.766804     84
    3.267164    12.702570     1.219563     9.851862     84
    3.267164     0.540389    -0.201448     1.925545     84
    3.267164     6.410096     1.132654     6.064991     84
    3.267164     6.440369    -0.475030     4.394571     84
    4.119222     9.338865     4.501218    11.396619     85
    4.119222     2.868891     3.345596     5.784638     85
    4.119222     0.878658     2.575491     3.005740     85
    4.119222     2.786391     2.963411     5.858520     85
    4.119222     5.366475     3.325811     7.170939     85
    4.119222     5.632109     4.413171     8.966245     85
    4.119222     3.154744     3.180038     4.283415     85
    4.119222     2.164940     3.072236     4.648038     85
    4.119222     6.426296     4.111725     8.558773     85
    4.119222    -4.556566     1.346263    -0.584742     85
    3.685576     5.124957     2.505285     2.137594     86
    3.685576     5.433002     0.690900     3.276626     86
    3.685576     5.390746     0.795786     3.537484     86
    3.685576     1.093500     0.410694     0.667194     86
    3.685576     3.603428     0.600748     1.708505     86
    3.685576     5.463829     1.446701     2.043316     86
    3.685576     2.279392     0.889903     3.160739     86
    3.685576     6.483591     1.359643     3.917333     86
    3.685576     5.029819     2.851902     3.817986     86
    3.685576     3.382529    -0.009957     0.056269     86
    2.846801     2.558935     3.354567     4.522998     87
    2.846801     3.007503     3.598951     3.706231     87
    2.846801     3.510801     3.656746     5.418672     87
    2.846801     3.716416     3.535627     3.979412     87
    2.846801     2.683682     3.623516     6.630372     87
    2.846801     3.185809     3.499098     4.232947     87
    2.846801     1.358523     3.391259     4.128202     87
    2.846801     4.582257     4.617830     7.286323     87
    2.846801     3.283349     3.732670     4.472887     87
    2.846801     1.758108     2.874472     2.476360     87
    4.388839     3.437054     2.317266     5.372475     88
    4.388839     3.205479     2.353608     6.405138     88
    4.388839     2.797892     2.629384     4.659019     88
    4.388839     2.625147     2.832249     6.796716     88
    4.388839     5.684923     3.133360     7.423456     88
    4.388839     4.147724     1.663670     3.275045     88
    4.388839     2.574830     1.067928     1.048912     88
    4.388839     4.402163     4.421062    11.303702     88
    4.388839     3.202983     2.244237     3.809181     88
    4.388839     4.721911     4.136576    10.850119     88
    1.685247     3.015806    -1.353679     3.583435     89
    1.685247     1.638511    -2.403496     2.719595     89
    1.685247     1.643634    -1.979390     2.820858     89
    1.685247     8.559274    -0.706991     6.338183     89
    1.685247     3.036926    -2.258777     2.070596     89
    1.685247     8.431216     0.036217     7.585907     89
    1.685247     4.617277    -0.803851     4.341233     89
    1.685247     3.621852    -1.855965     4.535862     89
    1.685247     4.838039    -1.833478     5.285701     89
    1.685247     1.655977    -1.945711     2.446934     89
    3.101007     5.038647     1.551288     5.348975     90
    3.101007     4.360498     2.653721     6.609506     90
    3.101007     2.631991     2.497278     6.077350     90
    3.101007     2.983882     2.894110     5.228911     90
    3.101007     4.175953     1.802456     4.455320     90
    3.101007     2.281642     0.600498     1.753029     90
    3.101007     4.723071     2.419480     6.420533     90
    3.101007     2.427522     1.405304     4.434124     90
    3.101007     3.661184     0.983634     4.252511     90
    3.101007     2.804352     0.073187     1.791409     90
    2.424223     0.339435    -1.416281     2.495782     91
    2.424223    10.143665     0.698159     7.095445     91
    2.424223    10.400335     0.710555     6.968038     91
    2.424223     5.731408     0.277387     4.599327     91
    2.424223    -0.953185    -1.140171     1.490153     91
    2.424223     5.510524    -0.181905     4.544037     91
    2.424223    -2.282483    -1.230802     1.141554     91
    2.424223     4.258882    -0.374770     3.976918     91
    2.424223     1.578483    -1.597992     2.382435     91
    2.424223    11.963445     1.052454     7.083129     91
    2.581926     6.388183     1.121961     5.375153     92
    2.581926     4.988531     0.733531     4.303058     92
    2.581926     4.657752     1.473069     4.273476     92
    2.581926     5.483163     1.812901     7.843135     92
    2.581926     4.472860     1.236034     5.209459     92
    2.581926     7.545868     1.323009     5.873699     92
    2.581926     6.167314     2.447192     7.005821     92
    2.581926     6.025022     1.666482     5.599212     92
    2.581926     4.379861     1.206756     4.578458     92
    2.581926     4.832764     1.597852     5.555269     92
    3.204316    -5.839023     1.811289    -0.275115     93
    3.204316     4.073930     4.103738     6.741549     93
    3.204316     5.875406     4.561573     7.612572     93
    3.204316     7.517186     4.104703     6.432326     93
    3.204316     6.229183     4.092937     7.504726     93
    3.204316     4.960092     3.768532     5.951338     93
    3.204316    15.670109     6.457971    12.826876     93
    3.204316     3.514533     3.197669     5.073382     93
    3.204316    -4.145840     2.299470     0.303312     93
    3.204316     5.336042     4.296152     7.285126     93
    2.738894     1.120026     2.298894     4.788577     94
    2.738894     4.218376     3.879915     6.653917     94
    2.738894    -0.692743     2.243756     4.485522     94
    2.738894     6.488873     4.375922     7.817983     94
    2.738894     4.001212     4.361319     6.696855     94
    2.738894     8.276889     4.270051     7.830409     94
    2.738894    -0.320968     2.466466     4.781822     94
    2.738894     1.787565     2.694013     5.538406     94
    2.738894     8.137144     4.111691     8.977593     94
    2.738894    -1.811873     2.602825     3.987947     94
    3.378424     9.615041     4.286178    11.280991     95
    3.378424     5.773342     2.683176     6.086060     95
    3.378424     3.993043     3.130733     6.691433     95
    3.378424     8.493983     3.899609     9.832182     95
    3.378424     6.821522     4.187798    10.057798     95
    3.378424     6.385722     2.964089     8.245457     95
    3.378424     8.807546     4.185059    11.201438     95
    3.378424     7.591674     4.426569    10.858406     95
    3.378424     7.070841     4.007523     8.972504     95
    3.378424     4.428228     3.032085     5.640408     95
    3.072528    -9.374016     0.122519    -4.868605     96
    3.072528    -2.632337     2.736700     1.589799     96
    3.072528     2.683303     4.161502     6.026214     96
    3.072528     8.085996     4.605467     9.189253     96
    3.072528    -0.365846     3.146186     2.632590     96
    3.072528     4.972328     3.900647     6.509801     96
    3.072528     4.100832     4.181402     6.754424     96
    3.072528     6.110389     4.990071     8.742083     96
    3.072528     3.968020     3.594479     5.150862     96
    3.072528     6.337403     4.686080     7.585022     96
    3.400241     3.889099     1.539051     3.724703     97
    3.400241     9.887047     2.996730     7.467952     97
    3.400241    -2.229809     0.790994     0.784598     97
    3.400241     6.082201     2.636430     6.290209     97
    3.400241     3.751112     1.648057     4.042924     97
    3.400241     7.283664     2.235342     5.775948     97
    3.400241    -5.611291     0.083741    -0.613706     97
    3.400241     8.084904     2.832056     6.042094     97
    3.400241    -0.817441     1.747642     2.330116     97
    3.400241     8.354123     2.680767     7.102725     97
    4.012508     7.574917     3.232541     9.545157     98
    4.012508     1.781330     1.662664     2.899323     98
    4.012508    -0.460528     2.068233     3.578768     98
    4.012508     5.494001     3.495507     9.252728     98
    4.012508     3.915700     2.885789     6.349529     98
    4.012508     0.927039     1.948702     3.793311     98
    4.012508     4.473046     2.306259     5.792955     98
    4.012508     5.135268     2.102522     5.425911     98
    4.012508     7.239432     3.448190     9.385978     98
    4.012508     2.579682     2.212663     4.075798     98
    2.610235     0.937101     2.070519     3.760878     99
    2.610235     0.106674     1.176468     3.140667     99
    2.610235     6.709120     3.209765     7.150358     99
    2.610235     1.293656     1.973530     4.850077     99
    2.610235    -0.670495     0.807144     2.168907     99
    2.610235     3.926860     2.478463     4.518855     99
    2.610235     5.556332     1.190288     6.337153     99
    2.610235     8.167680     2.603685     8.123869     99
    2.610235    -0.533825     1.574534     1.692516     99
    2.610235     4.522624     3.038354     6.321656     99
    4.986811     2.664135     2.864408     5.489174    100
    4.986811     1.940929     2.195856     2.999532    100
    4.986811     2.715920     1.008821     1.198952    100
    4.986811     2.924944     2.273359     3.570155    100
    4.986811     0.958714     1.006706     0.963046    100
    4.986811     1.744293     1.885370     1.816154    100
    4.986811     3.687907     4.025425     6.600405    100
    4.986811     1.638580     0.743290     0.018502    100
    4.986811    -1.471125    -0.323485    -3.420905    100
    4.986811     3.058984     1.735107     3.267281    100
