    3.174071     2.272784     4.787782      1
    5.240826     0.656153     2.771830      1
    4.695524     1.302339     3.262070      1
    3.400045     1.767325     4.704956      1
    3.493829     2.195317     4.579056      1
    3.461518     1.603808     3.708787      1
    6.926250     0.756082     2.068665      1
    3.259956     1.702395     4.831345      1
    1.255973     2.660028     5.880181      1
    4.233755     0.965975     3.364708      1
    3.397286     0.260428     5.159806      2
    3.497358     1.930667     5.789532      2
    3.114203    -0.072595     3.560780      2
    3.472850     1.472432     5.040024      2
    4.293124     1.328131     5.273129      2
    3.836960     0.665385     5.002928      2
    3.917260    -0.168887     2.710719      2
    3.996895     1.113443     5.670089      2
    4.132147     1.220811     5.520226      2
    3.809286     0.665601     4.651944      2
    6.595883     4.087936     5.318133      3
    3.913255     3.052581     4.488304      3
    4.735063     3.669412     4.360457      3
    6.267140     4.131558     4.202854      3
    4.351537     3.384414     3.849761      3
    4.163679     3.194416     4.215516      3
    3.755095     2.976175     4.399555      3
    3.548388     2.674000     3.813734      3
    4.238526     2.592005     4.082074      3
    5.731293     3.884414     5.728407      3
    4.349117     3.853291     4.952664      4
    4.076337     2.670534     4.853798      4
    4.201261     0.892037     3.342132      4
    5.459647     2.202361     5.035136      4
    3.711534     1.850473     5.104087      4
    4.088390     2.436428     5.576838      4
    4.575753     1.860201     6.330855      4
    3.344871     3.212180     5.216648      4
    4.370323     3.132489     4.639311      4
    4.761204     2.082532     5.369406      4
    4.954555     0.830923     3.726622      5
    5.216691     1.696994     4.648417      5
    5.238103     1.179821     4.245833      5
    6.084904     1.397694     5.109377      5
    5.281480     1.120856     4.021812      5
    3.915378     0.692001     2.963517      5
    4.761407     1.580505     4.155996      5
    4.972137     1.469761     4.474234      5
    3.187587     0.430986     3.244628      5
    4.253252     1.632877     4.183808      5
    3.658738     1.175859     4.327967      6
    4.307407     1.533641     3.434948      6
    4.829333     2.079869     3.353634      6
    5.734218     2.829232     3.550163      6
    5.746521     2.215166     3.405620      6
    5.241215     1.755565     4.198830      6
    5.245365     2.868723     2.438557      6
    4.167543     3.160921     3.482260      6
    5.987251     2.416813     2.888305      6
    4.873915     0.986773     3.397887      6
    3.323854     1.586871     3.716352      7
    2.796374     1.878288     5.038147      7
    3.569501     2.405361     3.507463      7
    3.718049     2.799178     5.254544      7
    3.238739     1.850992     4.389750      7
    2.912255     1.805045     4.068838      7
    3.909885     3.434812     4.284740      7
    4.142398     1.921027     4.040552      7
    3.531494     1.289172     3.820339      7
    2.729432     1.749289     4.273555      7
    5.427289     2.516773     4.904301      8
    5.144597     3.010771     7.149750      8
    5.605944     2.133344     5.781840      8
    5.125862     1.318188     4.325411      8
    6.006903     2.885529     5.792564      8
    5.290413     1.150131     4.505531      8
    6.748225     3.455773     5.790986      8
    4.991966     2.577478     6.025843      8
    5.237385     2.757054     5.269520      8
    5.724013     2.502976     5.390189      8
    4.650387     2.348643     5.744780      9
    5.552286     3.370406     5.624995      9
    5.998436     3.134192     5.475884      9
    5.005681     2.711499     4.846114      9
    4.983965     1.796923     4.110728      9
    3.845241     1.952587     3.600298      9
    5.396171     2.391574     5.445494      9
    4.380493     1.573121     4.699205      9
    5.443050     3.356130     5.628988      9
    4.391119     1.609812     3.864754      9
    3.414003     0.874325     4.306489     10
    4.002611     0.376741     2.945863     10
    4.012735     0.134650     3.589442     10
    4.239797     1.283164     3.744351     10
    4.316514     1.733581     4.092941     10
    3.418393     0.329787     3.361575     10
    3.208942     1.126095     3.943341     10
    3.234545     0.568688     4.182856     10
    4.781399     0.744754     2.690225     10
    3.714739     0.181286     2.972234     10
    3.722391     0.944706     4.918613     11
    4.128223     2.878147     7.360291     11
    3.364030     0.588511     4.668124     11
    5.427334     1.897317     5.333511     11
    4.352627     0.502494     4.205270     11
    4.549781     0.324170     3.395599     11
    4.136291     1.686676     5.745394     11
    4.228737     0.244321     4.584657     11
    4.724437     1.250973     4.429162     11
    3.648208     0.767216     4.508997     11
    5.280066     2.400180     5.054334     12
    7.224625     2.117077     5.366240     12
    5.678297     2.433105     4.886144     12
    5.319950     1.880693     5.454135     12
    5.571532     0.954927     6.419902     12
    5.121434     2.208818     4.660402     12
    6.041363     1.178878     5.295151     12
    3.979137     1.064507     4.919629     12
    5.874284     0.886323     6.014910     12
    5.254749     2.062215     4.767140     12
    3.562028     1.311905     4.964688     13
    3.725729     3.499122     4.076926     13
    3.153235     2.273389     4.516902     13
    3.537794     2.901243     4.534213     13
    3.563970     2.483454     5.059537     13
    3.590279     2.023563     4.741349     13
    3.258472     3.600482     4.067186     13
    3.268610     3.357029     4.733957     13
    3.351087     1.841989     4.947956     13
    4.169940     2.472412     4.959442     13
    4.712108     2.177796     5.683243     14
    5.473684     2.687714     4.764834     14
    5.796574     2.960375     5.460444     14
    4.637280     2.082210     4.901092     14
    5.141869     2.608137     5.668597     14
    4.645129     2.940841     6.425408     14
    5.398038     2.938359     6.088196     14
    4.417001     3.031716     6.061690     14
    5.043550     1.847172     5.138665     14
    4.868573     2.271347     5.925407     14
    5.064677     1.926781     5.198899     15
    3.691545     1.516044     5.614331     15
    3.230643     1.030045     4.391414     15
    3.453010     1.062811     5.423856     15
    4.383424     2.492440     6.415779     15
    3.439429     0.992244     4.616588     15
    3.361537     0.958061     3.574327     15
    4.409208     0.904480     3.781157     15
    4.997148     2.192703     6.136572     15
    4.151040     2.309401     5.280054     15
    5.731692     2.587139     5.178113     16
    5.631838     2.088707     4.317854     16
    5.660029     2.515786     4.937683     16
    4.173299     2.167856     4.944033     16
    4.987028     2.463002     5.464107     16
    4.335014     2.240266     3.509811     16
    5.084472     3.249410     5.137224     16
    5.688046     1.002843     3.496583     16
    3.882179     3.908711     4.764114     16
    5.246814     3.408366     4.874560     16
    7.619795     3.921998     6.579124     17
    7.025643     4.923537     6.697364     17
    6.312985     3.168621     5.788397     17
    7.629509     4.159514     6.858647     17
    7.248058     4.431572     7.228338     17
    6.794335     3.311291     6.297465     17
    6.736887     3.279092     6.619001     17
    6.639076     2.384575     4.645341     17
    6.628523     4.011342     6.107714     17
    5.109725     2.503043     6.044376     17
    6.290787     2.953244     6.045253     18
    5.024102     1.732192     4.484664     18
    5.003486     2.898884     4.850032     18
    5.385135     2.025772     4.419362     18
    4.528885     2.543979     4.163374     18
    4.822016     1.599641     3.704494     18
    5.144906     2.792531     4.530048     18
    4.871990     2.665973     4.117756     18
    4.960988     2.404900     3.585285     18
    4.689299     1.902772     4.001555     18
    3.850454     1.367645     4.884513     19
    4.197343     1.499498     4.685419     19
    6.117809     3.303117     5.863100     19
    4.231891     1.324801     5.757301     19
    5.056914     2.838221     5.806314     19
    5.976146     2.540037     6.161285     19
    4.654788     1.957092     6.674881     19
    4.757031     1.609628     5.868931     19
    6.139291     3.680604     7.286087     19
    4.847904     2.082995     5.122280     19
    5.341916     3.270253     5.443208     20
    5.019840     2.619809     6.151198     20
    5.170106     2.693787     4.715282     20
    3.701422     2.316296     5.071172     20
    4.696281     0.913929     3.547731     20
    4.615569     2.452161     4.413805     20
    4.854066     2.492409     6.701488     20
    4.764629     2.940180     6.119199     20
    4.556905     2.375167     5.366559     20
    4.193234     3.311549     6.371336     20
    3.040462     2.976243     4.557792     21
    3.216584     2.892078     4.648263     21
    4.495942     3.750458     5.316860     21
    3.747301     1.434998     1.848945     21
    3.883040     2.257769     2.869370     21
    3.052886     3.777918     4.506579     21
    3.294397     2.936425     4.518115     21
    4.351114     5.123538     6.679993     21
    2.564623     3.717288     5.839969     21
    3.723999     2.303580     3.811661     21
    5.272429     2.276164     4.623185     22
    9.053437     3.606926     5.914089     22
    5.291013     2.451058     4.704115     22
    7.123519     2.551600     5.322408     22
    5.813269     3.376325     4.969860     22
    1.582278     1.331417     3.599134     22
    8.430651     3.579946     5.322991     22
    6.223859     2.235922     5.527928     22
    3.055846     1.622008     3.682005     22
    7.293737     3.648051     5.774659     22
    4.565481     1.148642     4.916622     23
    3.432225     2.362071     4.276112     23
    4.327979     1.414355     3.580395     23
    4.403615     2.434029     5.938808     23
    4.008086     3.054325     5.368721     23
    4.498537     3.145404     5.480134     23
    3.848879     2.794848     4.290592     23
    4.347617     3.185043     5.216994     23
    3.890107     1.757291     4.882620     23
    3.769589     2.314906     5.065670     23
    4.845959     3.274985     4.568481     24
    4.466794     2.646097     4.875520     24
    4.911420     2.589688     5.431950     24
    6.833304     3.423709     6.629356     24
    4.335147     3.071013     5.395346     24
    3.393321     2.490707     5.123307     24
    3.143896     1.721809     4.599074     24
    5.912777     3.414365     5.041746     24
    5.501397     3.420929     5.053582     24
    4.692839     2.443680     5.182538     24
    4.618464     2.452251     4.610902     25
    4.218493     1.295319     4.542257     25
    4.313249     3.612348     4.655252     25
    3.424058     2.263382     3.549094     25
    4.515917     1.529333     4.078241     25
    3.884320     2.413557     4.592684     25
    2.787069     1.543339     5.762914     25
    4.470934     1.856165     4.736953     25
    4.145764     2.195972     4.286384     25
    4.761838     2.061381     4.115228     25
    5.004472     1.789958     4.978437     26
    6.037768     2.089317     5.061615     26
    5.195775     2.523687     5.611854     26
    5.428639     3.955822     5.447309     26
    4.163339     2.660024     4.981761     26
    5.481358     3.713789     5.184135     26
    5.360411     3.338191     5.290702     26
    5.150053     3.174523     5.160776     26
    4.220813     3.641342     4.516586     26
    5.696517     2.062893     4.909542     26
    5.392225     1.770922     5.850382     27
    4.495105     3.585594     6.305821     27
    3.288507     3.377112     5.019062     27
    4.300819     3.719378     6.455716     27
    5.320959     3.334014     5.654863     27
    4.993278     4.034219     6.874464     27
    3.601481     3.632767     5.770450     27
    4.654719     2.962253     7.027781     27
    5.375188     3.013099     7.085712     27
    4.036419     3.181909     5.278309     27
    3.549022     2.634216     4.427230     28
    3.848915     2.917268     4.744548     28
    4.164942     2.131801     4.127328     28
    4.908504     2.741552     5.707913     28
    4.915780     2.826363     5.817665     28
    3.141803     2.205430     3.492533     28
    3.063691     0.644561     3.300996     28
    4.221773     2.186216     3.892696     28
    3.931461     2.234800     4.555173     28
    3.434159     3.505110     4.579868     28
    4.585710     1.790650     4.218602     29
    4.222332     1.087240     3.889760     29
    6.692938     2.229089     4.180381     29
    5.994350     2.674490     4.834956     29
    5.025103     1.423618     4.032996     29
    7.370532     3.506508     5.350755     29
    5.215633     1.941659     4.168795     29
    6.322682     2.309935     4.172290     29
    4.580973     1.333039     3.785974     29
    7.189845     3.227740     3.863149     29
    4.261636     2.391230     5.133743     30
    3.788997     0.282595     3.548956     30
    3.575620     0.262383     4.938984     30
    1.765937     0.049056     2.394287     30
    4.642154     1.213682     4.220764     30
    3.794178     1.312567     3.990600     30
    4.329933     2.031973     5.246719     30
    4.038257     1.506515     4.975326     30
    3.307905     1.394946     3.857281     30
    2.946444     0.453576     3.320739     30
    5.265491     1.508616     3.914288     31
    4.502110    -0.653584     2.363574     31
    5.406392    -1.489006     1.549904     31
    5.223824    -0.515721     2.296283     31
    5.218390     0.820789     3.290724     31
    5.015567     1.239595     4.330475     31
    6.023644     0.475580     2.354313     31
    4.678530    -0.133009     1.840168     31
    4.859466     1.083879     3.622024     31
    4.838329     0.685631     2.860017     31
    6.248677     2.093252     6.125796     32
    4.548386     1.442227     5.189837     32
    6.590570     2.948123     6.755415     32
    5.043054     1.015049     4.329377     32
    5.519468     2.875781     6.619274     32
    4.767377     0.860021     4.454016     32
    5.766561     2.878745     6.046979     32
    4.453506     1.240788     4.558536     32
    5.852287     2.177643     5.174824     32
    5.274447     2.198737     4.659867     32
    5.934976     2.459739     5.322677     33
    5.303073     1.937874     5.177286     33
    5.456774     2.506138     4.791698     33
    4.785300     1.543922     5.136422     33
    5.899880     3.140992     5.396496     33
    5.010691     1.793884     4.883585     33
    4.450694     2.706213     4.511275     33
    5.955727     2.890345     5.969669     33
    5.734664     2.672356     5.831730     33
    4.360123     1.845236     4.219713     33
    5.443915     2.424274     2.417930     34
    4.629549     1.373161     4.205012     34
    5.546604     1.772676     3.243869     34
    4.715074     1.632977     3.744217     34
    4.236504     0.755566     4.453630     34
    4.270784     2.104511     3.745354     34
    5.411789     2.257557     3.442190     34
    4.607962     1.053346     4.421936     34
    6.677899     2.061430     2.949594     34
    4.546400     2.706318     3.295507     34
    4.192411     2.411849     4.334932     35
    3.733770     3.228621     3.165581     35
    3.053727     3.705340     3.413017     35
    4.575650     2.516646     5.272251     35
    3.523058     2.266696     4.152500     35
    5.878606     2.200150     5.563774     35
    4.253208     2.405875     4.181349     35
    4.952111     2.315963     4.865674     35
    4.461362     2.097399     4.857550     35
    5.667503     1.888853     5.135145     35
    4.063540     0.891650     4.120594     36
    3.658394     1.216954     4.278802     36
    4.437207     1.173427     3.773176     36
    4.299448     1.428744     4.928775     36
    3.969959     1.184789     4.302488     36
    4.829475     0.366523     5.038762     36
    4.033405     1.489529     5.063512     36
    3.679057     1.062552     4.455343     36
    4.543988     1.163893     5.412232     36
    4.060469     0.725057     4.232830     36
    4.973086     1.316982     4.410980     37
    3.478521     0.633897     6.002411     37
    5.250112     2.021917     4.699269     37
    4.766437     0.477279     5.616221     37
    4.784485     0.699752     4.825814     37
    4.391418    -0.218446     5.192851     37
    5.638768     1.670033     4.161503     37
    5.805993     1.786993     4.520212     37
    5.466731     1.689882     4.827866     37
    4.144512     0.404553     5.287016     37
    3.983833    -0.118022     3.441591     38
    2.794664     1.159183     4.229814     38
    3.461247     0.610795     3.644232     38
    3.307344    -0.691804     3.588067     38
    2.079278     2.389271     4.816511     38
    3.473090    -0.505666     3.019590     38
    3.117486     0.143202     4.184723     38
    4.494036     0.264469     4.296783     38
    3.386661    -1.721361     3.463326     38
    3.493549    -0.485229     3.495086     38
    3.343083     1.061412     4.205592     39
    4.816026     2.130266     3.945833     39
    3.290792     2.495803     4.656671     39
    2.996426     0.943437     4.780818     39
    3.028464     2.517791     5.008746     39
    4.173774     1.112474     3.939604     39
    4.588185     2.041599     4.596334     39
    3.598255     0.420789     3.117996     39
    1.775849     3.186841     5.473584     39
    4.255796     1.327521     3.313670     39
    6.454757     0.511561     5.821154     40
    6.151640     2.170030     5.093729     40
    6.395230     1.478909     5.115190     40
    6.527005     2.774933     5.519027     40
    5.267807     1.249707     4.915059     40
    5.434960     2.388523     4.221509     40
    6.208341     1.925979     5.222491     40
    6.095148     2.357918     5.061905     40
    3.995348     1.383508     4.208355     40
    6.260683     1.755065     6.124532     40
    5.926895     4.582343     6.777649     41
    6.683707     4.174068     6.083489     41
    5.839436     4.537017     6.666618     41
    6.252089     5.096402     6.222365     41
    8.102138     4.504990     6.056042     41
    5.642898     3.904758     5.177917     41
    7.633208     4.307783     6.001865     41
    5.741982     3.227609     5.526288     41
    7.145845     4.716054     6.620922     41
    5.661969     4.521518     5.607034     41
    6.167077     2.762593     5.325418     42
    5.792424     2.643489     4.403205     42
    5.234021     2.483377     5.148297     42
    4.879356     2.336671     4.413177     42
    5.458695     2.454918     4.727595     42
    5.327504     3.124816     5.012695     42
    6.050185     2.920276     5.003111     42
    6.307656     2.527881     5.523895     42
    6.881961     1.934332     4.735859     42
    4.795970     2.186568     3.695755     42
    6.284541     2.751449     4.767030     43
    7.107324     3.328502     4.656958     43
    5.965299     2.834952     4.597845     43
    4.418870     1.881212     4.466588     43
    5.887374     3.358261     5.137587     43
    5.043053     1.803842     4.077846     43
    7.883766     3.370940     5.179192     43
    7.568497     3.087134     5.880471     43
    4.356537     1.436097     4.289279     43
    7.771085     3.773526     5.969199     43
    5.441255     0.040265     3.572165     44
    6.452103    -0.003945     3.249021     44
    4.011058     2.120157     5.133960     44
    5.207146     0.082948     3.941942     44
    4.563037     0.986954     4.143814     44
    6.033347    -0.158022     2.903111     44
    6.247177     0.707183     3.692956     44
    5.441859     0.782729     3.889268     44
    4.130262     1.388439     4.482977     44
    3.946087     1.335948     4.416897     44
    5.042420     2.403603     4.310610     45
    5.072333     1.977622     4.487310     45
    5.663371     2.316846     4.260589     45
    5.031373     3.591311     3.956408     45
    5.658559     2.121750     5.182533     45
    5.636446     3.075746     5.060521     45
    5.770257     3.017805     3.787116     45
    5.332664     2.373132     4.945442     45
    5.515358     3.431750     5.336317     45
    5.914498     2.629555     4.489922     45
    4.163048     1.552831     4.463937     46
    3.800920     1.324702     4.844043     46
    4.666832     0.826934     3.443791     46
    3.763164     0.711011     3.120027     46
    2.845622    -0.071352     3.022271     46
    4.736424     1.758927     4.041171     46
    4.858081     1.885737     4.587199     46
    3.669231     0.901479     3.690647     46
    3.212868     0.693219     3.599774     46
    4.305323     0.096569     3.252770     46
    3.362556     0.800387     4.566653     47
    2.907111     0.974107     4.557185     47
    4.600257     1.885853     4.484849     47
    4.151006     1.183510     4.744191     47
    3.752296     2.252149     3.434509     47
    3.988993     2.178338     4.525600     47
    3.702441     1.545357     3.319172     47
    3.881240     2.011669     4.627531     47
    2.693348     1.132712     3.922558     47
    3.870443     2.081533     3.359649     47
    4.123193     2.036005     4.918228     48
    4.489497     1.799113     3.023535     48
    3.668789     1.842876     4.765831     48
    4.391936     0.545149     5.337425     48
    4.048703     1.274051     4.198977     48
    3.440134     3.054185     4.547392     48
    4.393830     1.692650     4.314002     48
    4.010423     1.957620     5.311334     48
    4.581622     1.562168     5.430710     48
    4.322829     0.898394     4.612028     48
    7.450263     3.759880     6.939718     49
    5.168381     1.548543     6.048762     49
    4.427359     2.615265     6.034585     49
    4.971202     1.639555     5.973679     49
    4.129985     1.494374     5.647140     49
    4.112717     1.142150     5.809008     49
    5.514055     3.164217     5.968990     49
    5.371897     2.380101     6.473422     49
    3.914752     2.041194     5.156275     49
    5.702459     3.532020     5.480319     49
    4.707042     3.213118     4.943195     50
    6.026489     3.760108     4.870606     50
    5.541984     3.054052     4.488507     50
    4.767391     1.249716     3.142697     50
    5.434592     2.214118     5.610433     50
    5.451090     3.626875     6.042168     50
    6.079159     2.981288     4.985165     50
    5.896399     4.085028     5.130761     50
    4.758199     2.671883     5.266302     50
    4.810494     3.002788     5.331239     50
    3.615204    -0.804838     4.529457     51
    5.399589    -0.372201     3.775621     51
    3.899898    -0.575997     4.030786     51
    4.115003    -1.135663     3.366905     51
    5.221853    -0.973398     3.596525     51
    4.161273    -0.076834     5.235423     51
    4.378719    -0.196212     4.023167     51
    4.715709    -1.201605     2.979735     51
    4.600086     0.435647     4.673699     51
    5.467734    -0.209317     4.187676     51
    4.742040     0.399855     5.664449     52
    4.908375     3.362731     4.273511     52
    5.318004     2.037542     4.462426     52
    5.820364     1.706827     4.571009     52
    5.470535     2.399233     4.790540     52
    5.301494     2.075733     4.310445     52
    5.695282     2.104890     3.936245     52
    5.940260     1.875732     4.395941     52
    6.445765     2.250072     3.924262     52
    5.592396     1.289693     3.897909     52
    6.903030     2.971950     5.848077     53
    3.800281     1.108993     6.071029     53
    4.659573     2.963616     6.448530     53
    6.626518     1.664306     4.751655     53
    4.260292     1.284980     5.364014     53
    5.687376     1.959150     5.691558     53
    6.622630     2.166333     5.692458     53
    4.795415     0.525753     5.214356     53
    6.405316     1.749513     5.188533     53
    4.564466     1.425184     5.854348     53
    5.460024     4.881258     6.612609     54
    4.302056     3.752668     6.332448     54
    4.986997     3.292692     5.070360     54
    5.052294     2.958507     4.924710     54
    6.372527     4.148262     6.533800     54
    4.826960     2.781345     5.558481     54
    5.181542     2.972518     5.114985     54
    6.705959     3.431588     5.194012     54
    5.339858     5.331350     7.690900     54
    5.152801     2.439756     4.512786     54
    2.813876     1.395378     2.861275     55
    3.539036     2.502390     4.323507     55
    5.109718     4.193371     4.807432     55
    4.037458     1.528341     2.947259     55
    4.663076     2.625761     3.480341     55
    4.974102     2.603648     3.365532     55
    4.178294     2.268115     3.240973     55
    4.190183     2.669051     3.831369     55
    3.277677     1.062493     3.856466     55
    4.373314     1.715070     3.418039     55
    5.103827     1.380555     3.562403     56
    5.224766     1.260664     3.409046     56
    5.573026     1.752825     4.915551     56
    4.361437     1.569222     3.686650     56
    4.919991     1.760112     4.965595     56
    5.308622     1.818490     5.050765     56
    5.507084     0.445073     5.187645     56
    4.179108     0.958688     5.040940     56
    5.101535     2.655083     5.682490     56
    5.136151     1.869694     5.145194     56
    4.902233     0.426871     5.240397     57
    5.110518     1.065309     6.985771     57
    5.196098     1.209718     6.292202     57
    4.937887     1.256642     5.994025     57
    5.199281     0.141518     6.536517     57
    5.326402     0.964298     5.623952     57
    4.728206     1.109163     5.773207     57
    5.515464     2.082092     5.928723     57
    4.536979     1.360122     5.861679     57
    6.121007     2.228746     6.854233     57
    4.184818     2.092088     4.384691     58
    3.279600     2.559943     3.602754     58
    4.607373     1.557386     3.762206     58
    4.351120     1.296425     4.444928     58
    4.595987     1.891253     4.893470     58
    4.035167     1.811235     4.878754     58
    3.265600     1.403538     5.166241     58
    4.376231     1.858124     4.767493     58
    4.042498     3.403453     4.048317     58
    3.417519     1.126932     4.740096     58
    3.599144     2.000405     3.326003     59
    4.818414     0.443434     3.646922     59
    4.645939     1.837567     3.057663     59
    3.785933     1.976889     2.789403     59
    4.730648     2.159942     3.696067     59
    4.041179     1.839406     4.291572     59
    4.730994     2.045154     2.421173     59
    5.138137     1.728157     3.026561     59
    4.929708     0.477361     2.863636     59
    4.134715     1.303665     3.869048     59
    5.911070     2.168212     4.522657     60
    5.849304     2.709743     5.147014     60
    5.369363     2.678205     4.203138     60
    3.999651     3.548960     5.009475     60
    5.818524     1.800234     5.149535     60
    4.698965     2.357961     5.238721     60
    3.812920     2.047797     5.203471     60
    4.803815     3.239775     4.553887     60
    5.885092     2.419874     4.596577     60
    5.487807     4.053988     4.979287     60
    7.192911     2.579339     5.715226     61
    5.730867     2.377069     4.950360     61
    6.470003     1.820044     7.647325     61
    6.954097     2.415577     5.770850     61
    6.398188     2.075304     5.204823     61
    6.166706     2.191545     4.797053     61
    6.527185     2.558093     5.726081     61
    4.618671     1.196751     5.196660     61
    7.362040     3.527264     5.004043     61
    5.559241     2.255986     5.346126     61
    4.152262    -0.007367     3.774188     62
    2.622599    -1.437145     2.306254     62
    3.082546    -0.091796     4.641265     62
    3.354777    -1.261641     2.784987     62
    3.799482    -0.008895     3.792368     62
    4.282519     1.212675     4.241636     62
    4.933681    -0.029604     3.364932     62
    3.544013     0.234974     4.339149     62
    3.698858    -0.235738     3.955888     62
    3.797500     0.399832     4.529282     62
    5.033755     2.601781     4.910525     63
    6.105676     2.738296     4.963284     63
    6.743233     3.219734     4.438290     63
    5.380368     2.211504     4.423580     63
    5.149309     3.975529     4.330886     63
    5.205098     2.464838     4.600252     63
    5.853641     2.177952     4.575006     63
    5.537865     4.469051     4.317530     63
    5.888406     3.336395     3.500669     63
    7.464678     3.742198     4.521340     63
    4.685561     1.624035     5.068837     64
    3.062122     0.994544     4.450264     64
    4.254552     1.611268     4.200537     64
    2.658586     0.113219     4.258128     64
    4.287557     1.988517     4.954801     64
    4.332633     2.456892     5.682287     64
    4.199544     1.757627     5.033004     64
    3.587896     0.269740     4.458204     64
    3.829050     1.111109     4.303335     64
    3.467385     0.362945     4.341513     64
    5.628430     1.505337     4.663151     65
    5.633387     1.810205     4.064834     65
    5.886185     2.120557     3.757123     65
    6.288352     1.190981     4.498660     65
    3.835229     0.351448     5.206138     65
    5.186374     0.513416     5.108326     65
    6.401594     1.771272     4.175049     65
    5.576854     1.707729     4.803706     65
    5.152579     1.732734     5.082009     65
    4.556875     2.035749     5.144930     65
    4.289882     1.266651     3.963891     66
    3.816338     1.985784     4.831689     66
    3.570298     1.823904     3.643426     66
    3.979139     2.128176     3.254659     66
    4.774038     1.080812     3.166899     66
    5.087305     0.983659     4.233380     66
    5.069366     0.245827     3.887818     66
    5.779765     1.078923     4.037876     66
    5.216189     1.542389     3.801903     66
    5.296567     1.575488     4.529866     66
    6.857769     4.977650     6.305063     67
    7.782760     5.513158     7.439495     67
    5.333899     4.887213     4.979583     67
    5.534784     4.657705     6.012651     67
    5.703854     4.185692     5.817971     67
    6.226349     5.165673     5.653189     67
    7.159592     5.077475     5.802905     67
    3.986962     3.266363     5.327932     67
    7.472951     5.365630     6.792525     67
    4.480708     4.597399     5.980246     67
    7.011679     2.025570     6.943963     68
    6.704383     2.581454     6.882771     68
    6.575746     2.182931     7.177135     68
    6.510476     2.956500     6.025929     68
    7.586176     1.761192     7.461310     68
    5.576556     4.099890     5.174718     68
    7.316275     2.123383     6.292577     68
    4.797738     3.430841     5.846377     68
    5.995943     3.979976     5.652631     68
    4.632230     3.972403     5.466817     68
    5.172547     0.673734     4.656213     69
    6.109345     1.064359     4.399361     69
    4.537520     1.090515     3.696800     69
    7.039845     2.373825     4.664271     69
    5.632076     1.249212     2.779280     69
    4.489414     0.757035     4.099889     69
    4.211640    -0.288811     4.072780     69
    4.589530     0.919581     4.635291     69
    4.768860     0.025746     5.084705     69
    5.526936     1.098173     3.500088     69
    4.890339     2.894060     5.712013     70
    5.182208     1.928010     3.275892     70
    5.156423     3.526904     5.747157     70
    4.339565     2.304234     3.854230     70
    5.453336     3.037068     5.623983     70
    5.514194     1.698284     3.938243     70
    4.872421     3.026978     5.356396     70
    5.185724     3.254187     6.021191     70
    4.293488     3.160190     5.663601     70
    4.785625     2.158803     4.402682     70
    4.997052     0.513627     5.137712     71
    4.589861     1.910144     6.766871     71
    5.411512     0.472149     5.618312     71
    5.248856    -0.169026     4.642374     71
    5.469345     0.215504     5.781220     71
    4.632518     1.248854     6.152362     71
    5.155373     0.184693     4.420200     71
    5.479973    -0.090569     5.158077     71
    4.835105     2.444638     7.463320     71
    4.800550    -0.324152     5.200734     71
    4.477351     1.903946     4.862284     72
    4.777395     0.591360     4.119074     72
    5.314500     2.500319     4.233708     72
    3.800501     2.181847     4.992539     72
    5.524925     2.559921     3.622626     72
    5.117992     2.719970     4.863002     72
    4.640118     1.989547     3.764677     72
    5.405133     2.739875     4.507862     72
    4.492464     2.531542     4.612841     72
    5.460579     3.047451     5.271550     72
    6.122582     2.826342     5.058274     73
    5.174370     3.247064     4.585130     73
    5.741937     3.316665     5.445715     73
    5.397610     3.448358     4.530940     73
    5.141954     3.247750     4.559384     73
    5.396550     3.474945     4.503585     73
    5.740660     3.758033     4.806012     73
    5.780643     3.672162     5.923930     73
    5.759530     2.936704     5.065485     73
    5.190610     3.540994     5.073585     73
    4.967046     1.607600     4.356943     74
    3.802708     2.406769     5.211656     74
    5.070478     0.608083     2.959418     74
    4.071524     1.404120     3.460566     74
    4.647227     2.572274     4.284160     74
    4.384400     2.583734     5.097451     74
    5.326188     2.386035     4.820563     74
    4.279977     0.866618     3.722479     74
    4.458513     1.547010     4.068785     74
    4.745191     2.054623     3.767926     74
    4.979940     2.878186     4.496048     75
    4.405509     2.593728     4.865383     75
    5.218762     3.200139     4.560816     75
    3.190264     1.278426     4.793965     75
    5.536461     3.572382     4.573002     75
    5.316187     3.264173     4.706680     75
    4.560896     3.079672     4.356930     75
    4.686199     2.347890     4.989964     75
    4.885860     3.415319     4.409393     75
    4.512664     2.175071     4.312481     75
    6.232460     2.088596     5.176484     76
    4.130034     2.155575     4.980937     76
    6.216677     3.246669     6.499310     76
    5.764984     2.349763     5.254389     76
    4.781947     2.007950     3.918384     76
    4.685597     3.210165     6.558388     76
    5.160122     2.806031     5.824789     76
    5.245299     2.679671     5.772425     76
    6.346585     1.561499     3.899955     76
    4.871205     1.864438     4.467992     76
    5.384575     2.283420     3.131938     77
    5.474379     2.148740     4.263426     77
    5.734055     1.815642     3.320591     77
    5.780220     2.136527     4.193011     77
    6.840359     2.272634     3.862057     77
    6.193193     2.222255     3.303992     77
    6.006346     2.244343     3.207665     77
    4.811419     2.385412     2.874648     77
    6.241357     2.792631     4.501588     77
    6.239370     1.719298     3.944734     77
    4.578668     3.317804     6.558053     78
    4.699409     2.909136     5.460911     78
    5.765349     3.215944     6.576775     78
    4.940078     4.259210     5.954925     78
    5.247647     4.118023     5.406099     78
    4.519285     3.401475     6.831489     78
    5.451650     4.044718     6.053099     78
    5.096006     3.936907     5.274145     78
    5.251330     3.781990     5.632837     78
    5.010105     3.133244     5.302192     78
    5.638750     2.529877     4.855334     79
    6.827476     2.814515     5.549237     79
    7.762756     4.148073     4.453072     79
    6.081445     2.766728     4.646972     79
    7.013727     2.187063     6.001595     79
    5.836920     2.238999     5.128698     79
    5.572900     0.949864     6.523487     79
    5.583815     2.297205     5.252015     79
    5.038542     3.020581     4.380473     79
    5.893168     2.081535     5.589162     79
    5.878892     2.889101     5.929948     80
    5.403060     2.878219     5.910782     80
    5.309671     3.447449     6.043735     80
    4.299173     3.552296     5.363453     80
    6.193454     1.717627     7.052251     80
    5.734782     2.449838     5.853255     80
    5.300637     3.090192     5.451273     80
    5.291626     2.876047     5.583078     80
    6.112329     2.761868     6.593410     80
    5.114586     3.070624     5.624918     80
    4.023545     0.770694     3.507954     81
    3.007965     0.077335     3.391819     81
    3.652616     1.144030     3.070783     81
    4.090800     0.532157     4.323386     81
    3.090850     1.879858     3.849481     81
    3.116844    -0.572843     3.422501     81
    2.931101     2.757168     4.294973     81
    3.433094     1.752709     4.549906     81
    3.600926     0.712685     3.932477     81
    3.352890     0.747039     4.243428     81
    6.744111     3.688427     5.685990     82
    6.069008     4.298299     5.834449     82
    6.853873     3.263325     6.350419     82
    5.699275     3.532462     6.281568     82
    5.797188     4.127153     6.538892     82
    5.752220     2.730871     6.293991     82
    6.215419     4.912732     6.201624     82
    7.125869     2.997364     4.934050     82
    5.171677     2.501314     6.949938     82
    6.181770     4.153566     6.346490     82
    3.524657     1.827653     3.849894     83
    3.589496     3.135628     5.090235     83
    4.199488     1.766097     4.982632     83
    3.940997     2.073022     4.362382     83
    2.861902     3.142396     4.474890     83
    3.483219     1.920715     4.392122     83
    3.460494     3.299891     5.199144     83
    3.079268     1.511376     4.397020     83
    4.360815     1.331901     4.184470     83
    3.916161     1.222344     5.234157     83
    5.616541     2.487062     4.781187     84
    5.470011     2.798713     4.340348     84
    5.366453     2.863993     4.338344     84
    4.444210     1.549384     4.779035     84
    5.354527     2.589517     3.591754     84
    5.808518     3.111294     4.524707     84
    5.065909     2.883495     4.002644     84
    6.142435     2.650734     4.985453     84
    5.177126     2.616206     4.542373     84
    5.284918     2.292839     4.142522     84
    4.423072     2.403779     3.449374     85
    4.572568     1.755915     4.992697     85
    5.594452     1.404710     4.579852     85
    4.173429     2.196983     4.621802     85
    4.553000     1.079894     4.146557     85
    4.533192     1.864463     4.692083     85
    4.192148     1.380681     4.632310     85
    5.122086     1.531713     3.788344     85
    4.419776     1.797718     4.062221     85
    5.656855     1.157213     3.741034     85
    5.440390     2.275448     4.677290     86
    4.849297     2.884561     5.118760     86
    5.316222     3.370015     4.806050     86
    5.697644     2.911329     5.012289     86
    3.944758     2.425016     5.638218     86
    4.995118     2.115319     4.782293     86
    5.330503     3.761166     5.040648     86
    5.957276     1.853264     5.085254     86
    5.329123     2.676159     5.738086     86
    4.669715     2.439403     5.812042     86
    6.815063     2.739767     6.070233     87
    5.473610     2.716290     5.272683     87
    3.535258     1.607570     4.562275     87
    6.870197     3.814458     5.709181     87
    6.525411     3.575188     5.919960     87
    5.083275     2.526812     5.918444     87
    3.622353     1.498738     5.109572     87
    3.587442     2.055799     4.795678     87
    5.952076     2.861298     6.200168     87
    6.111114     2.879012     6.576057     87
    4.249979     0.562505     5.096473     88
    2.277082     2.095380     4.490190     88
    2.797007     2.283556     3.859106     88
    3.932509     1.502767     4.415182     88
    3.968413     3.420537     3.047888     88
    3.381339     0.953074     5.493198     88
    3.200910     0.917817     5.193466     88
    3.576998     0.966415     5.082739     88
    2.537513     2.070414     4.219196     88
    2.257595     1.824028     5.314884     88
    5.516425     0.849389     3.988430     89
    5.083410     1.130202     3.525171     89
    4.779255     1.435794     5.008913     89
    4.686963     1.964827     5.328407     89
    4.504344     2.063362     5.407927     89
    5.570855     3.182251     6.548597     89
    3.848579     0.859849     4.123267     89
    5.504175     3.128867     5.508364     89
    3.346864     2.592777     5.037050     89
    5.182523     1.602042     4.970370     89
    3.449825     1.870426     4.118697     90
    3.848599     2.546685     5.302905     90
    2.781251     1.865626     5.296665     90
    4.433052     1.194568     4.325310     90
    3.632690     1.302461     4.542851     90
    4.401531     1.348639     4.893217     90
    3.340024     1.977842     5.324660     90
    3.988821     1.608114     4.735015     90
    4.012932     1.280548     4.348489     90
    3.468676     2.132196     4.492237     90
    3.344361     1.627785     2.737340     91
    2.636716     1.657497     2.812743     91
    3.692274     2.646141     3.213502     91
    3.315600     2.473680     2.770383     91
    2.751989     3.688100     4.538163     91
    4.114475     0.843781     1.218175     91
    1.894229     1.698717     3.158374     91
    2.102061     1.151394     2.730791     91
    2.392745     2.837227     3.633775     91
    2.654091     1.182743     2.252362     91
    4.933664     0.266555     4.364612     92
    4.774263     0.420223     4.553985     92
    5.848631     1.915658     4.683164     92
    3.881851    -0.499473     4.696193     92
    3.870788    -0.192771     5.219711     92
    4.121021     0.488577     4.997944     92
    3.045713    -0.330157     5.344128     92
    3.393343     0.979504     4.875434     92
    2.867277     0.415899     5.748482     92
    3.851423    -0.393501     4.538812     92
    4.441189     2.809889     4.122382     93
    4.059419     1.954728     3.682170     93
    3.629199     2.086918     4.342358     93
    5.072447     2.623149     4.791339     93
    5.021900     2.716211     4.343515     93
    5.796770     4.447334     5.714751     93
    4.515287     2.045196     3.411725     93
    6.196067     4.175311     5.190027     93
    4.476317     2.295661     5.105290     93
    3.746684     1.904713     4.447796     93
    4.753695     3.013099     6.785571     94
    4.331909     3.275808     5.601379     94
    5.141834     3.504290     4.342836     94
    5.251698     3.477148     6.038339     94
    4.027095     3.787952     6.615595     94
    5.676331     2.178835     5.600391     94
    4.926330     2.826927     5.554619     94
    4.929453     2.957433     5.976583     94
    5.226872     2.281392     5.040005     94
    4.690857     3.299442     5.712389     94
    5.415784     1.768257     5.004121     95
    6.068245     1.179194     4.336135     95
    5.999353     2.673712     4.910202     95
    6.593607     3.083675     6.006009     95
    6.840868     2.897248     4.992502     95
    5.179949     1.906401     5.003777     95
    5.349237     2.560721     5.311730     95
    5.358173     1.940706     4.121673     95
    4.527237     2.231180     4.113277     95
    5.696001     2.023006     5.433396     95
    6.989414     3.217016     6.034452     96
    6.677076     3.194897     6.777637     96
    6.509839     3.233174     4.923802     96
    7.002985     3.662813     6.229816     96
    7.275251     3.528865     5.449331     96
    6.497213     3.673933     5.500196     96
    6.367332     3.421120     5.693653     96
    6.676113     3.943755     5.109288     96
    5.581118     4.033580     5.310117     96
    6.756851     3.483370     5.890161     96
    3.973581     1.638456     4.848832     97
    4.258042     1.116349     3.491037     97
    4.726115     1.248149     3.532024     97
    4.927283     1.512344     4.694308     97
    4.929015     1.691182     4.275755     97
    4.208382     1.448622     4.960247     97
    3.176441     0.680845     4.007375     97
    4.699178     0.971115     4.085398     97
    4.943642     1.036475     4.234724     97
    4.117044     1.560299     6.068520     97
    5.684699     2.171637     5.467898     98
    5.268495     3.201662     4.830315     98
    4.571545     2.039184     4.692756     98
    5.038600     2.291268     5.312663     98
    4.063460     3.000631     5.046922     98
    6.100156     2.685310     4.359468     98
    5.401832     2.507141     4.942674     98
    7.350457     3.519452     6.665335     98
    5.963081     2.465502     5.764398     98
    5.160291     2.196112     4.922140     98
    6.573141     2.744155     5.846983     99
    6.211739     3.274073     6.113724     99
    5.045376     2.042734     5.898744     99
    6.366742     2.392385     6.006181     99
    6.120435     2.851655     6.361168     99
    5.627682     3.016587     5.563224     99
    4.865580     2.532709     5.942331     99
    5.493102     3.539841     6.470191     99
    6.416468     2.980284     6.155978     99
    6.010589     2.760041     6.479096     99
    3.602782     0.602848     5.729405    100
    4.565595     1.241809     4.225830    100
    4.078590     1.607927     4.724667    100
    4.864456     1.201908     4.255999    100
    4.489391     0.808908     4.640266    100
    3.435543     0.590982     5.786590    100
    3.164486     1.308794     4.258847    100
    4.485696     0.951085     4.567546    100
    4.120662     2.506336     4.702819    100
    3.709165     1.873459     4.699634    100
