    3.454777     3.553245     1.188858  3     1
    3.454777   999.000000     1.900499  2     1
    3.454777   999.000000     3.105100  2     1
    3.454777     3.361069     1.719163  2     1
    3.454777   999.000000     3.596338  2     1
    3.454777   999.000000     2.605401  1     1
    3.454777     2.977817     3.149280  3     1
    3.454777     3.311227     2.372508  2     1
    3.454777     4.639789     2.558448  3     1
    3.454777   999.000000     2.687318  1     1
    2.109855     3.166216     1.336438  1     2
    2.109855     4.041493     1.290049  1     2
    2.109855     3.146000     0.222160  1     2
    2.109855   999.000000     0.445320  3     2
    2.109855     3.179496     1.846514  1     2
    2.109855     3.390150     0.923633  1     2
    2.109855     4.614751     0.481932  1     2
    2.109855     4.527992     0.854859  2     2
    2.109855     3.965947     1.601561  3     2
    2.109855     2.884273     1.554418  1     2
    3.921178   999.000000     2.809654  1     3
    3.921178     2.714597     3.144099  3     3
    3.921178     4.592095     2.203521  1     3
    3.921178     3.165294     1.868928  2     3
    3.921178   999.000000     2.658923  2     3
    3.921178     3.430322     2.778225  3     3
    3.921178     4.001285     1.555128  3     3
    3.921178     3.063695     2.899453  1     3
    3.921178     3.162450     2.154392  3     3
    3.921178   999.000000     1.562645  1     3
    2.887939   999.000000     1.482740  2     4
    2.887939     3.728082    -0.491664  1     4
    2.887939     3.320486    -0.514040  1     4
    2.887939     3.817075     0.880970  3     4
    2.887939     4.400223     0.927722  3     4
    2.887939     2.965534    -0.918165  1     4
    2.887939   999.000000     0.302681  3     4
    2.887939     2.670756     0.456382  1     4
    2.887939     4.000035    -0.196700  3     4
    2.887939     3.514786     0.012102  1     4
    2.664981   999.000000     2.615234  2     5
    2.664981     1.473667     2.013488  2     5
    2.664981     2.305597     1.377535  1     5
    2.664981     2.787622     1.373222  1     5
    2.664981     4.374944     3.177691  2     5
    2.664981   999.000000     1.702168  2     5
    2.664981     4.573736     2.959002  1     5
    2.664981     3.896184     1.185788  3     5
    2.664981     2.397971     0.905839  1     5
    2.664981   999.000000     3.140634  2     5
    2.472302     4.021332     1.457546  1     6
    2.472302   999.000000     1.563364  3     6
    2.472302     5.645285     2.393296  3     6
    2.472302     4.122311     1.565145  2     6
    2.472302     3.810994     1.158879  1     6
    2.472302     4.379974     0.782837  1     6
    2.472302     3.983590     2.217480  1     6
    2.472302     4.621887     1.404281  1     6
    2.472302   999.000000     2.106517  1     6
    2.472302     4.722448     1.537898  3     6
    2.625600   999.000000     1.538877  2     7
    2.625600   999.000000     1.186173  1     7
    2.625600     4.402061     1.398202  1     7
    2.625600     5.238235     1.682955  1     7
    2.625600     5.493000     2.506523  1     7
    2.625600     5.224746     0.808300  3     7
    2.625600     4.016421     1.314145  1     7
    2.625600     5.072694     0.103074  3     7
    2.625600     5.530489     1.652769  3     7
    2.625600     3.717430    -0.382563  3     7
    3.124114     3.085784    -0.014302  1     8
    3.124114     3.302029    -0.033430  3     8
    3.124114     5.255499     1.832599  1     8
    3.124114     4.147372    -0.331504  1     8
    3.124114     3.110646    -0.712056  1     8
    3.124114     3.621236    -0.200761  1     8
    3.124114     5.010987     0.013336  3     8
    3.124114     3.892982    -0.476894  2     8
    3.124114   999.000000     0.095854  1     8
    3.124114     4.396366     0.625550  3     8
    3.690920     4.775841     0.376807  3     9
    3.690920     3.977387    -0.290844  1     9
    3.690920     6.175071     1.439360  3     9
    3.690920     4.712472     0.003344  2     9
    3.690920     6.060449     2.001261  1     9
    3.690920   999.000000     0.473722  2     9
    3.690920     5.492686     0.921073  1     9
    3.690920   999.000000     0.636528  1     9
    3.690920   999.000000    -0.905552  2     9
    3.690920     6.187582     0.974764  3     9
    3.333343     3.295652     2.969380  1    10
    3.333343     2.734685     3.488268  1    10
    3.333343     3.360440     3.021196  3    10
    3.333343     4.016170     3.368954  1    10
    3.333343     3.310213     3.359206  3    10
    3.333343     4.279998     3.832670  3    10
    3.333343     3.339060     4.568322  1    10
    3.333343     2.619899     2.604368  3    10
    3.333343     2.712198     3.566972  1    10
    3.333343     3.597664     3.533720  1    10
    1.879051     4.602038     4.660507  1    11
    1.879051   999.000000     2.748519  1    11
    1.879051     5.164131     3.230447  1    11
    1.879051     3.722632     2.764409  3    11
    1.879051     4.589595     2.547305  3    11
    1.879051     5.249596     2.686415  2    11
    1.879051     5.619176     2.901600  1    11
    1.879051     2.945337     1.939983  3    11
    1.879051     4.958852     2.940949  1    11
    1.879051   999.000000     3.221358  2    11
    2.704546     4.076067     1.956679  1    12
    2.704546     4.395990     2.048383  3    12
    2.704546   999.000000     2.138726  2    12
    2.704546     4.524096     2.682156  1    12
    2.704546     1.916358     1.486981  3    12
    2.704546     5.074031     2.245863  1    12
    2.704546     3.641044     0.952825  2    12
    2.704546     3.940199     1.995049  1    12
    2.704546     3.188384     1.322312  1    12
    2.704546     4.363016     1.991828  2    12
    3.249167     6.052637     2.172442  3    13
    3.249167     4.947800     0.957097  1    13
    3.249167     5.659386     3.339396  2    13
    3.249167     6.297339     2.653892  2    13
    3.249167     4.258141     2.368967  1    13
    3.249167     6.072875     2.276365  1    13
    3.249167     4.463541     2.349923  3    13
    3.249167     5.229957     1.857207  3    13
    3.249167     6.673142     3.174289  1    13
    3.249167     5.879734     2.481841  3    13
    2.769864     3.567704     2.692170  3    14
    2.769864     4.079163     1.873960  3    14
    2.769864     4.313674     3.014410  1    14
    2.769864   999.000000     2.232545  1    14
    2.769864   999.000000     3.050299  2    14
    2.769864   999.000000     4.482912  1    14
    2.769864     3.325499     1.884448  1    14
    2.769864     3.109695     2.162217  1    14
    2.769864     3.586330     1.750095  3    14
    2.769864   999.000000     1.124994  2    14
    2.750996     2.452254     3.265437  1    15
    2.750996     1.819833     2.201888  1    15
    2.750996     3.863296     2.187067  3    15
    2.750996     2.818509     3.504307  1    15
    2.750996     1.599121     2.723476  1    15
    2.750996     4.544930     1.211012  1    15
    2.750996     3.264970     1.370986  1    15
    2.750996     3.306750     1.349517  3    15
    2.750996     2.593192     2.133966  1    15
    2.750996     2.906658     3.306624  3    15
    2.943756     5.873607     2.587763  1    16
    2.943756     2.745038     1.663867  1    16
    2.943756     3.759327     1.359517  2    16
    2.943756     5.169140     3.636835  3    16
    2.943756     3.446323     1.972316  3    16
    2.943756     7.354334     2.914011  1    16
    2.943756   999.000000     2.333382  2    16
    2.943756   999.000000     4.067112  1    16
    2.943756     4.676573     1.814364  2    16
    2.943756   999.000000     1.438114  2    16
    1.362318     2.842859     1.743821  2    17
    1.362318   999.000000     1.403958  1    17
    1.362318     3.711985     3.295346  2    17
    1.362318     3.366719     1.542624  1    17
    1.362318     2.597630     0.657909  1    17
    1.362318     3.325292     2.057871  1    17
    1.362318     3.849083     1.943693  1    17
    1.362318     3.689815     0.187418  1    17
    1.362318   999.000000     0.954268  2    17
    1.362318     4.362066     2.895420  3    17
    3.079473     3.600861     2.195991  1    18
    3.079473     4.039687     1.851804  1    18
    3.079473     3.941627     0.957561  1    18
    3.079473     5.141322     2.212162  2    18
    3.079473     3.934212     1.863043  1    18
    3.079473     4.819564     1.827223  3    18
    3.079473     6.285584     3.420313  1    18
    3.079473     4.402227     2.620590  3    18
    3.079473   999.000000     2.243425  1    18
    3.079473     4.185609     1.235801  1    18
    3.375373     3.616944     3.314819  3    19
    3.375373   999.000000     2.024684  2    19
    3.375373     3.914322     2.507216  1    19
    3.375373     4.489287     1.403136  3    19
    3.375373     4.336520     1.666514  3    19
    3.375373     2.851394     3.345188  1    19
    3.375373     2.467375     3.543283  3    19
    3.375373     3.469048     3.073143  3    19
    3.375373   999.000000     2.202106  3    19
    3.375373     5.232659     1.158111  3    19
    2.421661     1.957990     2.008351  2    20
    2.421661     4.496768     3.062284  1    20
    2.421661     3.219392     2.542131  1    20
    2.421661   999.000000     1.677928  2    20
    2.421661     3.975027     1.733219  3    20
    2.421661     3.668001     1.058898  1    20
    2.421661     4.329102     1.052301  3    20
    2.421661     3.197784     1.420397  3    20
    2.421661   999.000000     0.191529  2    20
    2.421661     4.316282     1.816337  3    20
    3.265382   999.000000     2.782240  1    21
    3.265382     4.776251     3.500111  3    21
    3.265382     3.414945     1.476896  1    21
    3.265382     5.423130     3.758338  1    21
    3.265382     4.972599     2.636176  3    21
    3.265382     4.046281     2.087508  3    21
    3.265382     4.444442     1.730263  1    21
    3.265382   999.000000     2.583050  3    21
    3.265382     4.236693     3.431124  2    21
    3.265382     5.308072     1.980613  3    21
    2.570092     3.387164     1.901124  3    22
    2.570092     3.940378     1.780672  3    22
    2.570092     3.851881     1.663607  1    22
    2.570092     3.375305     2.303345  3    22
    2.570092   999.000000     1.795799  2    22
    2.570092     2.347956     1.255083  3    22
    2.570092     3.438813     1.783149  1    22
    2.570092   999.000000     1.060967  3    22
    2.570092     3.099974     2.333280  3    22
    2.570092     2.424413     0.392839  3    22
    2.978428     4.334746     3.035924  1    23
    2.978428     3.543239     4.905377  1    23
    2.978428   999.000000     2.071205  1    23
    2.978428     4.769133     2.089034  1    23
    2.978428     4.204931     1.933180  3    23
    2.978428     3.898177     1.121629  1    23
    2.978428     3.946106     3.105714  1    23
    2.978428     6.392109     2.751858  2    23
    2.978428     5.166075     2.276987  1    23
    2.978428   999.000000     2.824466  1    23
    4.143267   999.000000     0.819700  2    24
    4.143267   999.000000     1.147999  1    24
    4.143267     3.912463     0.593368  3    24
    4.143267     3.902078     1.458362  1    24
    4.143267   999.000000     1.415490  1    24
    4.143267     3.470922     0.889125  3    24
    4.143267     3.660364     0.234825  1    24
    4.143267     3.799858     1.596477  1    24
    4.143267   999.000000    -0.444524  1    24
    4.143267     4.251743     1.570387  1    24
    2.590909     3.981427     3.608486  1    25
    2.590909     2.416838     2.271255  3    25
    2.590909   999.000000     1.992515  1    25
    2.590909     4.151132     1.397454  3    25
    2.590909     2.841893     2.030506  1    25
    2.590909     4.253922     2.884060  3    25
    2.590909   999.000000     3.555967  1    25
    2.590909   999.000000     2.128663  3    25
    2.590909     3.699555     1.519045  3    25
    2.590909     4.748866     2.609394  1    25
    3.996884   999.000000     1.023914  2    26
    3.996884   999.000000     1.098629  2    26
    3.996884     3.903349     0.194246  1    26
    3.996884     3.692429     1.515094  1    26
    3.996884     3.958675     1.093024  3    26
    3.996884     4.974970     0.260713  2    26
    3.996884     3.192348     0.145047  2    26
    3.996884     4.249160     1.213792  1    26
    3.996884   999.000000     1.245356  2    26
    3.996884     4.282288     0.379092  1    26
    2.870266     4.912890     3.922323  3    27
    2.870266     4.707715     3.231018  3    27
    2.870266   999.000000     2.602857  2    27
    2.870266     4.595460     2.879573  1    27
    2.870266     5.985231     3.155235  1    27
    2.870266     3.527786     2.380188  2    27
    2.870266     4.671875     3.576889  2    27
    2.870266     4.418320     2.964572  1    27
    2.870266     4.652385     3.858786  3    27
    2.870266     5.046991     2.398472  1    27
    2.658046     4.278998     0.383044  1    28
    2.658046     3.270496     0.427835  3    28
    2.658046   999.000000     0.793138  2    28
    2.658046   999.000000     2.085069  2    28
    2.658046     5.176389     1.325957  2    28
    2.658046     3.874911     0.466371  3    28
    2.658046     3.461396     1.035151  2    28
    2.658046     4.269272     0.328116  3    28
    2.658046   999.000000     0.559870  1    28
    2.658046     3.574098    -0.188778  1    28
    2.953857     3.724003     2.054052  1    29
    2.953857     2.970282     2.184743  3    29
    2.953857   999.000000     2.307677  1    29
    2.953857     3.336649     1.305104  1    29
    2.953857   999.000000     1.769482  2    29
    2.953857     2.296991     1.125844  3    29
    2.953857     4.668765     1.585402  1    29
    2.953857   999.000000     1.666584  1    29
    2.953857     4.701501     3.030053  3    29
    2.953857     3.359733    -0.288806  1    29
    3.030847     3.984988     0.005655  1    30
    3.030847     5.795035     1.446432  3    30
    3.030847     3.857800     0.726471  3    30
    3.030847     3.905318     1.620378  1    30
    3.030847   999.000000     0.522130  3    30
    3.030847     4.347959     1.061875  3    30
    3.030847     4.587306     0.786467  1    30
    3.030847     3.693728     1.573125  1    30
    3.030847   999.000000     0.817873  1    30
    3.030847     4.529227     0.975301  2    30
    1.495778     3.993793     3.932202  1    31
    1.495778   999.000000     3.302604  1    31
    1.495778   999.000000     2.538402  2    31
    1.495778     4.131879     4.277140  1    31
    1.495778   999.000000     2.324380  3    31
    1.495778     3.839936     3.328577  1    31
    1.495778     4.795256     3.744498  1    31
    1.495778     3.768982     3.163810  1    31
    1.495778     3.911048     3.459010  1    31
    1.495778     2.728675     4.160084  1    31
    4.464321   999.000000     2.108990  2    32
    4.464321     4.438097     0.601516  1    32
    4.464321   999.000000     0.773465  1    32
    4.464321     3.591568     1.564930  1    32
    4.464321   999.000000     1.771581  2    32
    4.464321     4.169269     2.246029  1    32
    4.464321   999.000000     1.201480  1    32
    4.464321     5.255637     1.674504  3    32
    4.464321     3.919453     0.223143  1    32
    4.464321     4.981397     0.458454  1    32
    2.778383     4.784997     2.278898  1    33
    2.778383     3.339277     0.539031  1    33
    2.778383     5.746583     2.132041  3    33
    2.778383     3.521447     1.140932  3    33
    2.778383     2.873449     0.910627  1    33
    2.778383     4.360499     2.513897  3    33
    2.778383     4.875038     2.076397  1    33
    2.778383     3.411054     2.119535  1    33
    2.778383     4.563749     1.477005  3    33
    2.778383     5.575281     2.502602  1    33
    2.732457     3.748717     2.241936  1    34
    2.732457     3.030633     1.999688  1    34
    2.732457     3.430233     3.064721  3    34
    2.732457     3.717971     2.644112  1    34
    2.732457     4.598121     2.895416  1    34
    2.732457     3.992614     1.857856  3    34
    2.732457     4.107692     1.491289  3    34
    2.732457     4.364110     2.241851  1    34
    2.732457   999.000000     2.325951  1    34
    2.732457   999.000000     2.233726  1    34
    3.318928     3.609829     1.975339  2    35
    3.318928   999.000000     1.658637  2    35
    3.318928     3.021346     1.430318  3    35
    3.318928     5.457255     2.954602  1    35
    3.318928   999.000000     2.931397  3    35
    3.318928     3.602586     1.897764  1    35
    3.318928   999.000000     2.527300  1    35
    3.318928   999.000000     2.528541  1    35
    3.318928   999.000000     2.099414  1    35
    3.318928     3.813096     2.827706  1    35
    3.440103     3.906867     0.264883  1    36
    3.440103   999.000000     0.957795  1    36
    3.440103     4.361111     1.839536  3    36
    3.440103     4.236958     1.736258  3    36
    3.440103     4.710286     2.575935  1    36
    3.440103   999.000000     0.771950  1    36
    3.440103     4.647632     1.364555  2    36
    3.440103     4.037655     1.221764  1    36
    3.440103     4.566706     1.540998  3    36
    3.440103   999.000000     0.753120  2    36
    2.016541     4.015511     2.128947  1    37
    2.016541     3.071319    -0.886034  1    37
    2.016541     3.559544     0.502732  1    37
    2.016541     3.893679     1.237639  2    37
    2.016541     3.220758     0.192891  1    37
    2.016541     3.165624     1.925724  3    37
    2.016541   999.000000     0.691454  1    37
    2.016541     4.852927    -0.041237  1    37
    2.016541     2.346732     0.651115  1    37
    2.016541     3.416905     1.020802  1    37
    2.496631     2.954220     2.530994  1    38
    2.496631   999.000000     1.159460  3    38
    2.496631   999.000000     1.446376  1    38
    2.496631     3.623070     1.718571  1    38
    2.496631     2.943900     0.629692  3    38
    2.496631     3.883352    -0.596413  1    38
    2.496631     4.408151     0.424036  3    38
    2.496631     4.545550     1.679453  3    38
    2.496631   999.000000     1.698281  1    38
    2.496631     3.532434     1.055993  1    38
    2.664809   999.000000     4.212334  1    39
    2.664809     4.448957     4.022335  3    39
    2.664809     3.810813     3.813144  2    39
    2.664809     3.961074     3.223032  3    39
    2.664809     3.260541     5.318846  1    39
    2.664809     2.749983     3.901304  2    39
    2.664809   999.000000     4.654778  2    39
    2.664809   999.000000     4.729720  3    39
    2.664809     4.847146     3.639498  1    39
    2.664809     3.330519     3.409547  2    39
    2.675461     3.673370     0.202677  1    40
    2.675461     4.614255     0.145176  3    40
    2.675461     4.013539     0.174989  1    40
    2.675461     4.078066     0.232947  3    40
    2.675461     4.940324     2.688570  1    40
    2.675461     4.540426     0.763468  3    40
    2.675461     4.902787     0.183857  3    40
    2.675461     4.753547     1.839031  1    40
    2.675461   999.000000     1.495641  1    40
    2.675461   999.000000     0.978311  1    40
    3.097562   999.000000     2.222071  2    41
    3.097562   999.000000     1.857499  2    41
    3.097562   999.000000     1.003704  1    41
    3.097562     4.503239     2.745974  3    41
    3.097562     4.679964     1.382090  3    41
    3.097562   999.000000     2.002373  2    41
    3.097562     5.483190     0.834977  1    41
    3.097562   999.000000     1.872376  2    41
    3.097562     3.410103     2.662241  3    41
    3.097562     4.889373     2.056407  1    41
    3.792548     5.639960     2.943362  1    42
    3.792548     4.822062     2.285432  1    42
    3.792548     4.858185     2.667766  1    42
    3.792548     4.480711     0.966528  1    42
    3.792548     5.060147     3.359222  2    42
    3.792548   999.000000     1.893227  1    42
    3.792548     5.389934     1.823347  3    42
    3.792548     5.030480     2.856867  1    42
    3.792548     4.303861     3.035441  1    42
    3.792548     4.625477     1.838975  3    42
    3.165908     4.912908     1.799019  1    43
    3.165908     3.000242     3.033463  3    43
    3.165908     4.330062     3.152060  3    43
    3.165908     2.511144     2.163493  3    43
    3.165908     3.739595     2.224281  2    43
    3.165908     3.621043     0.970429  3    43
    3.165908   999.000000     2.038874  1    43
    3.165908     4.128745     1.953833  1    43
    3.165908     4.051650     2.782766  1    43
    3.165908   999.000000     3.260950  1    43
    2.624516     2.180465    -0.639450  3    44
    2.624516     3.657412     0.534226  3    44
    2.624516     4.747958     0.367386  1    44
    2.624516     4.012617     1.011702  3    44
    2.624516     3.257853     0.555515  1    44
    2.624516     3.451391     0.585213  3    44
    2.624516     4.009096    -0.295108  3    44
    2.624516     4.055732     0.507809  1    44
    2.624516     3.956376    -0.020924  1    44
    2.624516     5.292756    -0.413730  1    44
    2.283952     4.553991     3.028633  3    45
    2.283952   999.000000     2.772623  2    45
    2.283952     5.844531     3.658766  1    45
    2.283952     5.276101     3.060663  3    45
    2.283952     3.796281     2.642025  1    45
    2.283952     5.245946     2.413283  1    45
    2.283952     4.869524     3.519970  3    45
    2.283952     5.891795     4.042212  1    45
    2.283952     5.285650     3.640638  2    45
    2.283952   999.000000     2.850022  1    45
    3.243299     3.413699     1.130235  1    46
    3.243299     5.332878     4.049122  1    46
    3.243299     4.789077     1.864747  1    46
    3.243299     4.483833     2.491253  3    46
    3.243299     4.382870     0.699053  1    46
    3.243299     2.765982     1.308082  1    46
    3.243299     5.876612     2.694292  3    46
    3.243299     3.821617     1.858506  3    46
    3.243299     5.303485     1.130706  2    46
    3.243299     4.324064     1.684043  2    46
    3.924928   999.000000     1.812878  1    47
    3.924928     4.666361     1.823569  3    47
    3.924928     3.476210     1.750627  1    47
    3.924928     4.100531     2.660225  1    47
    3.924928     2.577263     0.973624  1    47
    3.924928     3.388227     1.016809  3    47
    3.924928     3.947079     1.899134  3    47
    3.924928   999.000000     1.388909  1    47
    3.924928     4.110966     1.824778  1    47
    3.924928   999.000000     1.213279  2    47
    3.050466     3.459718     1.675952  1    48
    3.050466   999.000000     1.585920  1    48
    3.050466     4.631045     2.022541  1    48
    3.050466   999.000000     1.916436  2    48
    3.050466     3.375549     0.778995  1    48
    3.050466     3.417196     0.712002  1    48
    3.050466     5.047914     1.869009  3    48
    3.050466     2.274603     1.255993  1    48
    3.050466   999.000000     2.579656  1    48
    3.050466     4.206377     1.865396  3    48
    2.813871     4.221328     3.958468  1    49
    2.813871     5.259028     2.235459  3    49
    2.813871   999.000000     3.209245  1    49
    2.813871     5.112208     4.119700  1    49
    2.813871     4.623968     2.744270  1    49
    2.813871     5.379134     3.236370  3    49
    2.813871     4.595170     3.339204  1    49
    2.813871     4.932188     3.688553  2    49
    2.813871     4.831343     2.479369  3    49
    2.813871     5.870869     4.213722  1    49
    3.774965     3.304264     0.795575  1    50
    3.774965     5.501320     1.142070  1    50
    3.774965     4.067944     1.320204  3    50
    3.774965     3.595123     1.646827  3    50
    3.774965     4.303005     1.551995  1    50
    3.774965   999.000000     1.142796  2    50
    3.774965     4.938133     1.223029  1    50
    3.774965     3.527425     0.028790  2    50
    3.774965     3.473594     0.529190  2    50
    3.774965     4.554720     1.749924  1    50
    2.367401   999.000000     1.107480  2    51
    2.367401     5.128407     2.304202  3    51
    2.367401     3.714004     1.473669  1    51
    2.367401     3.832979     2.973607  2    51
    2.367401     4.094335     1.411577  1    51
    2.367401   999.000000     3.055688  2    51
    2.367401     3.329550     0.262729  1    51
    2.367401   999.000000     2.458324  1    51
    2.367401     4.039538     1.749376  1    51
    2.367401   999.000000     1.469523  2    51
    3.532210   999.000000     1.972359  1    52
    3.532210   999.000000     1.981988  1    52
    3.532210     3.474144     1.125385  3    52
    3.532210     5.178309     1.646078  1    52
    3.532210   999.000000     1.090257  2    52
    3.532210     5.360133     2.314847  1    52
    3.532210     5.233728     1.612908  3    52
    3.532210     4.226700     1.128749  1    52
    3.532210     4.651820     1.942569  1    52
    3.532210     5.473425     2.052878  3    52
    2.820697     3.083045     1.354327  3    53
    2.820697     3.684091     0.403395  1    53
    2.820697     2.417389     0.256336  3    53
    2.820697     2.941775     2.126892  1    53
    2.820697     2.903060     1.528351  1    53
    2.820697     2.448215     0.374826  3    53
    2.820697     2.545220     0.655882  1    53
    2.820697     2.417584     0.976486  1    53
    2.820697     2.113645     1.183258  1    53
    2.820697   999.000000     0.219646  2    53
    2.694149     4.457821     2.248708  3    54
    2.694149   999.000000     2.505720  1    54
    2.694149     2.844600     1.598276  1    54
    2.694149     3.746521     1.712321  3    54
    2.694149     4.581248     2.824020  1    54
    2.694149     3.266137     2.893770  3    54
    2.694149     4.146713     2.595202  1    54
    2.694149   999.000000     2.944765  1    54
    2.694149   999.000000     2.988601  1    54
    2.694149     4.249660     2.533018  1    54
    3.631714   999.000000     1.511680  3    55
    3.631714     5.114840     2.404224  1    55
    3.631714     4.438603     3.857474  3    55
    3.631714     4.787864     2.471804  1    55
    3.631714   999.000000     2.337640  2    55
    3.631714     4.859736     2.486530  2    55
    3.631714     5.021622     2.105170  1    55
    3.631714     5.406672     2.991437  1    55
    3.631714     4.496661     2.647165  3    55
    3.631714     4.056917     1.994585  1    55
    1.712802     3.684127     2.380200  1    56
    1.712802   999.000000     1.395039  3    56
    1.712802   999.000000     1.088294  2    56
    1.712802     4.836983     0.681804  1    56
    1.712802     5.645685     1.659020  3    56
    1.712802     4.366954     2.052940  3    56
    1.712802     5.381718     1.861438  3    56
    1.712802     4.385743     1.109257  2    56
    1.712802   999.000000     2.110437  2    56
    1.712802     4.464297     2.091510  1    56
    2.245924   999.000000     4.300306  1    57
    2.245924   999.000000     4.668312  1    57
    2.245924     4.820146     3.829258  1    57
    2.245924     3.690433     2.300006  2    57
    2.245924   999.000000     3.430042  1    57
    2.245924   999.000000     4.292745  2    57
    2.245924     3.960879     3.542467  1    57
    2.245924     4.746230     2.929598  3    57
    2.245924     4.633462     3.260968  3    57
    2.245924     4.218116     3.332925  2    57
    1.791766   999.000000     2.829523  3    58
    1.791766   999.000000     2.633090  2    58
    1.791766   999.000000    -0.427079  1    58
    1.791766     2.205954     3.379873  1    58
    1.791766     4.181310     3.216726  1    58
    1.791766     4.519313     2.106123  2    58
    1.791766     4.741248     2.353099  1    58
    1.791766   999.000000     1.345609  1    58
    1.791766     3.168681     1.985653  1    58
    1.791766     3.577523     1.664529  1    58
    2.681824     5.075672     2.036055  2    59
    2.681824     4.824901     3.363291  3    59
    2.681824   999.000000     2.771313  2    59
    2.681824     4.783487     3.794065  1    59
    2.681824     5.190885     2.658537  3    59
    2.681824   999.000000     1.624920  2    59
    2.681824     2.854273     1.851092  3    59
    2.681824   999.000000     3.550901  1    59
    2.681824   999.000000     3.550376  3    59
    2.681824   999.000000     1.863274  2    59
    2.267856     5.495951     3.460707  1    60
    2.267856     8.823549     5.267158  1    60
    2.267856     6.489658     3.836258  1    60
    2.267856     5.881913     2.685442  1    60
    2.267856     6.882689     4.058629  1    60
    2.267856     4.928092     2.997591  2    60
    2.267856     4.501528     2.313294  1    60
    2.267856     5.498532     3.506556  1    60
    2.267856     7.116341     3.327404  3    60
    2.267856     5.858730     3.769052  1    60
    2.728323   999.000000     3.542201  1    61
    2.728323     4.490913     2.216850  1    61
    2.728323     5.894134     3.969904  1    61
    2.728323   999.000000     3.568418  1    61
    2.728323     5.298043     2.312512  1    61
    2.728323   999.000000     3.274404  2    61
    2.728323     5.682339     3.871836  2    61
    2.728323     6.051969     3.158735  3    61
    2.728323     5.042445     2.194305  2    61
    2.728323     4.362502     1.838867  1    61
    3.166336     2.683136     0.576635  1    62
    3.166336     2.975373     1.436563  1    62
    3.166336     2.730171     2.124003  1    62
    3.166336     4.012509     1.899923  1    62
    3.166336     3.554041     0.938801  3    62
    3.166336     3.271471     2.433931  1    62
    3.166336   999.000000     1.865440  1    62
    3.166336     2.794527    -0.214289  3    62
    3.166336     2.998222     0.240880  3    62
    3.166336     5.128965     0.663273  1    62
    3.291005     5.552151     1.359716  1    63
    3.291005     4.076594     1.220765  2    63
    3.291005     3.761348     0.424551  2    63
    3.291005     3.793020     1.363684  1    63
    3.291005     4.703528     1.351055  1    63
    3.291005     4.633272     1.454666  1    63
    3.291005     4.763613     2.125060  1    63
    3.291005     3.739051     2.710601  1    63
    3.291005     5.814117     2.703472  1    63
    3.291005     3.911566     1.928708  1    63
    3.304240     5.009529     1.798185  3    64
    3.304240     4.550138     0.274754  3    64
    3.304240     5.650040     2.279055  3    64
    3.304240   999.000000     1.629745  1    64
    3.304240     4.765366     1.802765  1    64
    3.304240   999.000000     1.751240  1    64
    3.304240     4.665187     2.218227  1    64
    3.304240     5.055576     3.344371  3    64
    3.304240     5.386327     2.854000  3    64
    3.304240     5.083138     3.764113  3    64
    2.912122     3.411121    -0.688987  3    65
    2.912122     4.912773     0.977583  1    65
    2.912122     6.113876     0.757002  1    65
    2.912122     3.879761     0.660530  3    65
    2.912122     3.344577     0.375292  2    65
    2.912122     4.480717     0.421868  3    65
    2.912122   999.000000     0.280433  2    65
    2.912122     2.991478    -0.010491  1    65
    2.912122     5.724716     1.640682  1    65
    2.912122   999.000000     2.114372  2    65
    2.226418     5.068628     2.390336  1    66
    2.226418     5.004476     3.489301  3    66
    2.226418   999.000000     2.804739  1    66
    2.226418     6.346055     3.539646  2    66
    2.226418     6.084411     4.109130  3    66
    2.226418   999.000000     2.406680  2    66
    2.226418     4.620033     3.142406  1    66
    2.226418     5.670797     2.783049  3    66
    2.226418     4.805562     2.902238  3    66
    2.226418   999.000000     2.851575  1    66
    3.256238     6.127802     1.506670  2    67
    3.256238   999.000000     1.732444  2    67
    3.256238     4.267010     0.741656  1    67
    3.256238     5.100600     1.866766  1    67
    3.256238     4.567358     0.950904  1    67
    3.256238     4.660320     0.952791  1    67
    3.256238     4.131671     1.160556  1    67
    3.256238     4.000396     1.572531  3    67
    3.256238     2.839100     1.147779  1    67
    3.256238     4.160418     1.569946  1    67
    2.663371     4.128343     1.988821  3    68
    2.663371     3.840740     0.535142  1    68
    2.663371     4.427606     1.934455  3    68
    2.663371     3.967183     1.782332  1    68
    2.663371     5.271679     3.924941  3    68
    2.663371     4.198067     1.042765  1    68
    2.663371   999.000000     1.954269  1    68
    2.663371     3.030408     0.872941  1    68
    2.663371     4.055433     2.750465  1    68
    2.663371     4.321961     0.706318  1    68
    2.895503     3.375926     0.534567  1    69
    2.895503     3.292629     1.442932  1    69
    2.895503   999.000000     0.518799  1    69
    2.895503     3.899121     2.038154  3    69
    2.895503     2.384873     1.095448  1    69
    2.895503     3.670805     0.683786  1    69
    2.895503     4.201492     1.802119  1    69
    2.895503   999.000000     1.532230  1    69
    2.895503     3.790868     0.495343  3    69
    2.895503     2.819323     1.280657  1    69
    3.933668     5.308098     4.649553  1    70
    3.933668     4.450854     2.895890  1    70
    3.933668     4.892911     2.421318  1    70
    3.933668     5.007618     4.596991  1    70
    3.933668     4.464677     4.471938  1    70
    3.933668     4.353312     3.600655  1    70
    3.933668     6.015561     4.326251  1    70
    3.933668     5.272508     1.426012  1    70
    3.933668   999.000000     3.244657  1    70
    3.933668     5.067224     3.538457  3    70
    3.188724     2.971262     2.660465  3    71
    3.188724   999.000000     3.241979  3    71
    3.188724     4.831814     3.317092  2    71
    3.188724     5.098837     3.552874  1    71
    3.188724     5.442555     2.565354  1    71
    3.188724   999.000000     2.602272  3    71
    3.188724     4.390978     1.992401  3    71
    3.188724     5.400914     3.373125  1    71
    3.188724     4.751225     1.837326  1    71
    3.188724     5.046630     3.383016  1    71
    3.605561     4.959506     2.326160  3    72
    3.605561   999.000000     1.675849  1    72
    3.605561     4.032683     1.489644  2    72
    3.605561     5.536229     2.020261  1    72
    3.605561     6.385126     2.416208  1    72
    3.605561     5.075009     0.742648  1    72
    3.605561     5.881821     2.422990  1    72
    3.605561   999.000000     2.354166  1    72
    3.605561     4.824575     1.934835  1    72
    3.605561     4.580933     2.181567  3    72
    2.499322     2.619529     3.695767  1    73
    2.499322     4.022983     2.156905  1    73
    2.499322     3.043180     2.530064  1    73
    2.499322     4.013481     3.581296  1    73
    2.499322     3.884832     2.870510  1    73
    2.499322     1.414510     2.864519  1    73
    2.499322     3.068172     4.139799  1    73
    2.499322   999.000000     1.720930  3    73
    2.499322     2.543062     3.126323  2    73
    2.499322     2.993226     3.128385  1    73
    3.701650     3.117409     1.611854  1    74
    3.701650     2.400542     2.297096  3    74
    3.701650     2.903675     2.429489  3    74
    3.701650   999.000000     1.903103  2    74
    3.701650   999.000000     2.976028  3    74
    3.701650   999.000000     2.386302  2    74
    3.701650   999.000000     1.773564  1    74
    3.701650   999.000000     1.584007  2    74
    3.701650   999.000000     2.500741  1    74
    3.701650     2.268464     2.082525  1    74
    2.282728   999.000000     0.633659  1    75
    2.282728     2.606858     0.520916  1    75
    2.282728     2.048281     0.142908  3    75
    2.282728     1.802183     0.449882  1    75
    2.282728     1.983224    -0.586248  2    75
    2.282728     2.824307    -0.450022  1    75
    2.282728     1.765605    -0.396624  3    75
    2.282728     2.618934    -0.083361  3    75
    2.282728     2.820072     0.778362  1    75
    2.282728     2.612322    -0.936429  3    75
    3.655268     5.791071     2.052409  2    76
    3.655268     6.052064     3.962311  1    76
    3.655268     4.913918     1.970965  1    76
    3.655268   999.000000     1.530327  2    76
    3.655268   999.000000     3.443367  2    76
    3.655268     5.620797     2.401712  1    76
    3.655268     4.497181     2.217687  2    76
    3.655268     6.100698     3.926097  3    76
    3.655268   999.000000     2.748962  2    76
    3.655268   999.000000     3.300511  2    76
    2.135872     3.252110     0.872060  3    77
    2.135872   999.000000     1.429708  2    77
    2.135872   999.000000     1.423437  1    77
    2.135872     3.959688     1.324397  3    77
    2.135872     3.250722     0.572688  3    77
    2.135872   999.000000     1.451535  3    77
    2.135872     3.796841    -0.061127  1    77
    2.135872     3.937286     1.564913  1    77
    2.135872     4.826242     0.688755  2    77
    2.135872     5.520790     2.136624  1    77
    3.582776     3.118927     1.012519  3    78
    3.582776     3.296749     1.421629  1    78
    3.582776   999.000000     0.684543  2    78
    3.582776     3.470320     1.825437  1    78
    3.582776     3.815653     0.594739  1    78
    3.582776     2.863613     2.040371  2    78
    3.582776     3.451705     0.222339  1    78
    3.582776   999.000000     1.662014  2    78
    3.582776   999.000000     0.453373  1    78
    3.582776     1.568923     1.139704  1    78
    2.449330     4.811086     1.481646  3    79
    2.449330     4.356664     0.588812  1    79
    2.449330     4.638688     1.112042  1    79
    2.449330     4.901855     1.507555  3    79
    2.449330     4.684992     0.922737  3    79
    2.449330     2.508574     0.746080  1    79
    2.449330     3.699226    -0.839496  3    79
    2.449330     3.975357     0.905732  3    79
    2.449330     2.894926     0.589781  1    79
    2.449330   999.000000    -0.122126  1    79
    2.895386     5.627043     3.748834  3    80
    2.895386     4.911875     3.099431  3    80
    2.895386     6.226728     3.670302  1    80
    2.895386   999.000000     3.014344  2    80
    2.895386     3.626673     2.207353  2    80
    2.895386     5.003663     2.723241  1    80
    2.895386     4.498870     3.043431  3    80
    2.895386   999.000000     1.652705  2    80
    2.895386   999.000000     3.258041  2    80
    2.895386   999.000000     4.013160  1    80
    3.552201     5.145118     0.871157  1    81
    3.552201     4.182112     0.464367  2    81
    3.552201     4.926555     1.606638  2    81
    3.552201     5.575968     0.642516  1    81
    3.552201     5.298212     1.060562  2    81
    3.552201     5.554206     0.285700  1    81
    3.552201     6.267211     1.323207  3    81
    3.552201     4.972701     0.221914  3    81
    3.552201   999.000000     0.694889  2    81
    3.552201     4.477287     0.428367  1    81
    2.288018     5.070671     2.893480  3    82
    2.288018     3.637069     2.208931  1    82
    2.288018     6.176754     2.086020  1    82
    2.288018     4.303515     1.697716  1    82
    2.288018     3.865913     1.365307  3    82
    2.288018     4.239199     2.621442  1    82
    2.288018     5.534564     2.839517  3    82
    2.288018     5.501478     2.042177  1    82
    2.288018     4.202924     2.002319  3    82
    2.288018     5.950758     2.465885  3    82
    2.577570   999.000000     2.073644  1    83
    2.577570     3.360364     1.825951  2    83
    2.577570     3.551760     2.022786  3    83
    2.577570   999.000000     2.342089  1    83
    2.577570     3.039673     1.971589  1    83
    2.577570   999.000000     3.838851  2    83
    2.577570     4.577225     2.461713  1    83
    2.577570     2.532681     1.275900  3    83
    2.577570     3.165300     2.237811  3    83
    2.577570     3.782534     2.420431  1    83
    1.947951   999.000000     2.956727  1    84
    1.947951     4.588634     2.963289  1    84
    1.947951     3.773022     2.623522  1    84
    1.947951     2.687921     1.600616  2    84
    1.947951     3.663862     2.238853  2    84
    1.947951   999.000000     2.969443  2    84
    1.947951     3.801040     2.462903  3    84
    1.947951     4.557041     2.138419  3    84
    1.947951     3.276838     3.342206  1    84
    1.947951     3.205013     3.045243  1    84
    3.188421     5.549196     1.951122  1    85
    3.188421     4.965734     0.743372  1    85
    3.188421     5.034886     1.941275  1    85
    3.188421   999.000000     2.385025  1    85
    3.188421   999.000000     1.426667  2    85
    3.188421     4.066361     1.072140  1    85
    3.188421     3.960679     0.627149  2    85
    3.188421     2.798545     1.575124  3    85
    3.188421     5.232642     2.144438  1    85
    3.188421     4.173505     0.635097  1    85
    2.947573   999.000000     2.255237  1    86
    2.947573   999.000000     2.617114  1    86
    2.947573     4.864531     3.191233  3    86
    2.947573     4.203482     2.922443  3    86
    2.947573     3.606659     2.185745  1    86
    2.947573     4.221470     2.759070  3    86
    2.947573     4.412105     1.590983  1    86
    2.947573     4.634153     2.315357  3    86
    2.947573     3.550026     3.699134  1    86
    2.947573     4.063791     4.393379  1    86
    2.153689     3.155604     3.102745  1    87
    2.153689     3.099468     2.816650  3    87
    2.153689     2.888836     2.697749  3    87
    2.153689     5.176393     2.081768  1    87
    2.153689     4.176512     2.820675  1    87
    2.153689     3.818625     2.790664  2    87
    2.153689     3.468745     2.861908  1    87
    2.153689     4.317661     2.269165  1    87
    2.153689   999.000000     2.731203  2    87
    2.153689     3.516331     1.684102  3    87
    3.741518     5.623928     0.283117  3    88
    3.741518     5.255072     0.551554  3    88
    3.741518   999.000000     0.748773  2    88
    3.741518     4.488675     1.543419  3    88
    3.741518     5.151086     0.552109  1    88
    3.741518     3.827133     0.527582  3    88
    3.741518     2.962262    -0.379592  1    88
    3.741518     5.948936     1.861426  1    88
    3.741518     3.303442    -0.144710  1    88
    3.741518     3.875377     0.753819  1    88
    2.383336     4.467440     2.176478  3    89
    2.383336   999.000000     1.855415  1    89
    2.383336     5.485556     2.323617  1    89
    2.383336     5.773684     2.233838  1    89
    2.383336   999.000000     3.185045  2    89
    2.383336     4.336865     1.791335  1    89
    2.383336     5.977272     3.690826  3    89
    2.383336     5.288345     3.563816  1    89
    2.383336     4.186648     2.047149  1    89
    2.383336     5.121426     2.361757  1    89
    2.481230     2.729550    -1.707356  3    90
    2.481230     3.956903    -1.003093  3    90
    2.481230     5.070766    -0.072374  2    90
    2.481230     3.644298    -1.024624  1    90
    2.481230   999.000000     0.291298  1    90
    2.481230     5.487646    -0.816908  2    90
    2.481230   999.000000    -1.061607  1    90
    2.481230     5.667630     0.229742  1    90
    2.481230     3.205324    -1.865767  2    90
    2.481230   999.000000    -0.114072  2    90
    3.815656     4.293724     1.940265  3    91
    3.815656     4.698868     2.945058  1    91
    3.815656     5.238278     2.355901  3    91
    3.815656     4.960540     2.493295  1    91
    3.815656     5.130215     1.404610  1    91
    3.815656     4.619601     4.398533  3    91
    3.815656     4.197160     0.722820  1    91
    3.815656     4.802067     1.662118  2    91
    3.815656   999.000000     3.423593  2    91
    3.815656   999.000000     2.201436  1    91
    3.607510     4.327480     0.258705  3    92
    3.607510     3.879685     0.419960  3    92
    3.607510     4.871802     3.403881  2    92
    3.607510     3.842942     2.389270  1    92
    3.607510     3.847040     2.108986  3    92
    3.607510     3.746055     2.293194  1    92
    3.607510   999.000000     2.815242  1    92
    3.607510     4.611343     0.738475  1    92
    3.607510     4.836071     1.124072  1    92
    3.607510     4.973903     1.822829  1    92
    3.219956   999.000000     4.755412  2    93
    3.219956     3.249506     4.283180  1    93
    3.219956   999.000000     3.966596  2    93
    3.219956     3.804915     4.449739  1    93
    3.219956     4.878619     4.488051  1    93
    3.219956     3.548896     4.228619  3    93
    3.219956     5.303378     4.845565  1    93
    3.219956   999.000000     5.823213  1    93
    3.219956   999.000000     4.184028  1    93
    3.219956     5.275126     5.645759  1    93
    3.842779     4.551599     3.719660  3    94
    3.842779     4.804104     3.819007  1    94
    3.842779   999.000000     2.244922  1    94
    3.842779     4.639507     2.760758  1    94
    3.842779   999.000000     2.933751  2    94
    3.842779     5.254967     3.111547  3    94
    3.842779     4.378622     1.260946  1    94
    3.842779     5.624365     3.481855  3    94
    3.842779     3.730659     2.363114  3    94
    3.842779     3.383220     3.034027  1    94
    2.322226     4.564529     0.841128  3    95
    2.322226     4.183166     0.335525  1    95
    2.322226   999.000000     1.134361  2    95
    2.322226     4.534987     1.700100  1    95
    2.322226     5.507573     1.890732  1    95
    2.322226   999.000000     1.764408  1    95
    2.322226     3.507963     0.836230  3    95
    2.322226     4.071485     1.534891  2    95
    2.322226     2.798422     0.242908  1    95
    2.322226     5.231770     1.009830  3    95
    3.999866     5.128808     3.683165  1    96
    3.999866     5.995205     4.272323  1    96
    3.999866     5.906542     3.834762  3    96
    3.999866   999.000000     2.914839  2    96
    3.999866     5.045835     3.370024  3    96
    3.999866     6.883431     4.853169  1    96
    3.999866     7.085029     4.796083  3    96
    3.999866   999.000000     3.358724  2    96
    3.999866     7.272126     4.473759  2    96
    3.999866     6.754248     4.488743  1    96
    3.571309     5.153445    -0.282907  3    97
    3.571309     4.099873     0.325818  3    97
    3.571309     3.846097    -0.114687  1    97
    3.571309     4.388558     0.486851  1    97
    3.571309     3.091030    -1.517816  2    97
    3.571309     3.553952     0.116310  3    97
    3.571309     4.411263     0.087095  3    97
    3.571309     4.429804    -0.926479  2    97
    3.571309     3.953484     0.201970  1    97
    3.571309     4.040792    -0.025822  1    97
    1.929142     3.072718     2.102375  1    98
    1.929142     3.552719     1.205929  2    98
    1.929142     4.125759     1.567936  1    98
    1.929142     4.287293     1.311215  1    98
    1.929142     4.343604     1.017981  1    98
    1.929142     3.810277     2.064781  1    98
    1.929142   999.000000     2.868736  2    98
    1.929142     5.325787     1.648536  3    98
    1.929142     4.940654     1.611378  1    98
    1.929142     3.816850     0.073793  1    98
    2.210585   999.000000     0.802508  3    99
    2.210585     3.086232     0.821066  2    99
    2.210585     2.106817     1.733990  2    99
    2.210585     1.601366     1.645707  1    99
    2.210585     3.541715     1.194224  1    99
    2.210585     2.742073     0.857434  1    99
    2.210585     2.747201     1.619557  1    99
    2.210585     2.579975     1.246193  1    99
    2.210585     1.121338     3.783827  2    99
    2.210585   999.000000     1.354489  2    99
    2.172387     4.506067     1.479045  2   100
    2.172387     2.015534    -0.528117  2   100
    2.172387   999.000000     2.271738  2   100
    2.172387   999.000000     1.227961  2   100
    2.172387     3.588451     1.498311  2   100
    2.172387   999.000000     0.385833  1   100
    2.172387   999.000000     0.814261  1   100
    2.172387     3.223440     0.456564  2   100
    2.172387     3.059407    -0.009457  1   100
    2.172387     3.349339     0.724797  1   100
